# {"time_iteration": 1000000, "date_time": "20200919_084856", "ensemble_size": 10000, "alpha": 3, "probability": 0.5, "desc": {"columns": ["number of particles", "sum of surviving particle sizes"], "type": "ensemble average"}}
5.030700000000000394e+00 2.885032181254156280e-01
5.114499999999999602e+00 2.845565134000436758e-01
5.188100000000000378e+00 2.809811031630140565e-01
5.259699999999999598e+00 2.780770366098658242e-01
5.318500000000000227e+00 2.753833627804930795e-01
5.376000000000000334e+00 2.731628540230443547e-01
5.426700000000000301e+00 2.710971358846994694e-01
5.475100000000000300e+00 2.690815879476095018e-01
5.522000000000000242e+00 2.673079602873463245e-01
5.563200000000000145e+00 2.656114109017125302e-01
5.603200000000000180e+00 2.640303934077583570e-01
5.643699999999999939e+00 2.626032420647507748e-01
5.679499999999999993e+00 2.611405451136123435e-01
5.711299999999999599e+00 2.599177039937409783e-01
5.742099999999999760e+00 2.586396210252919214e-01
5.775900000000000034e+00 2.573940443621665075e-01
5.805100000000000371e+00 2.561834227905432360e-01
5.836700000000000443e+00 2.551565312509501138e-01
5.865599999999999703e+00 2.541880552390253234e-01
5.888799999999999812e+00 2.531336430455128905e-01
5.912799999999999834e+00 2.522375652504232901e-01
5.939799999999999969e+00 2.514061864702690219e-01
5.963300000000000267e+00 2.506453400520144426e-01
5.986799999999999677e+00 2.498671320159693010e-01
6.010500000000000398e+00 2.492074834619061319e-01
6.031600000000000072e+00 2.485712385269535363e-01
6.052100000000000257e+00 2.478485382021869132e-01
6.070599999999999774e+00 2.471739484229663608e-01
6.092900000000000205e+00 2.465903647178387115e-01
6.112599999999999589e+00 2.459430540061297576e-01
6.130300000000000082e+00 2.453417915948937766e-01
6.147999999999999687e+00 2.448338341751640224e-01
6.168000000000000149e+00 2.442889942619748678e-01
6.186600000000000321e+00 2.437594710744493964e-01
6.205700000000000216e+00 2.431565824871396164e-01
6.222500000000000142e+00 2.426131533292628373e-01
6.240899999999999892e+00 2.420847249057507811e-01
6.256400000000000183e+00 2.416604711387115578e-01
6.270500000000000185e+00 2.411449670318016048e-01
6.284900000000000375e+00 2.406633075267158861e-01
6.298499999999999766e+00 2.402647541881156590e-01
6.313799999999999635e+00 2.398140410092394759e-01
6.330000000000000071e+00 2.393823438303894768e-01
6.342800000000000438e+00 2.389816484058605028e-01
6.357400000000000162e+00 2.385133434902504679e-01
6.371699999999999697e+00 2.381203019239850616e-01
6.384500000000000064e+00 2.377326010041049265e-01
6.399000000000000021e+00 2.372965413033954196e-01
6.411500000000000199e+00 2.368728201433660252e-01
6.425399999999999778e+00 2.364384847424801095e-01
