# {"time_iteration": 1000000, "date_time": "20200918_185536", "ensemble_size": 10000, "alpha": 2, "probability": 0.5, "desc": {"columns": ["number of particles", "sum of surviving particle sizes"], "type": "ensemble average"}}
1.138589999999999947e+01 1.363085004661134803e-01
1.170509999999999984e+01 1.330839412105515873e-01
1.199949999999999939e+01 1.305221539307667711e-01
1.226030000000000086e+01 1.282497784153786013e-01
1.248820000000000086e+01 1.261597388613242832e-01
1.270500000000000007e+01 1.243387619267625477e-01
1.289920000000000044e+01 1.226861414304937364e-01
1.308810000000000073e+01 1.211487362287530234e-01
1.326640000000000086e+01 1.198274295007939333e-01
1.343099999999999916e+01 1.185444476127315294e-01
1.358799999999999919e+01 1.173372924979252663e-01
1.374220000000000041e+01 1.162624927896623445e-01
1.388569999999999993e+01 1.152492704431018478e-01
1.402100000000000080e+01 1.142830388750507575e-01
1.414840000000000053e+01 1.133975261201709411e-01
1.427270000000000039e+01 1.125700337622799474e-01
1.439390000000000036e+01 1.117852562050306864e-01
1.450699999999999967e+01 1.110081167593146290e-01
1.461439999999999984e+01 1.102443119202713151e-01
1.472039999999999971e+01 1.095620119953842758e-01
1.482820000000000071e+01 1.088763548716663587e-01
1.492750000000000021e+01 1.082515281497148929e-01
1.502599999999999980e+01 1.076479671741929212e-01
1.511589999999999989e+01 1.071161984394219252e-01
1.520159999999999911e+01 1.065755766684946398e-01
1.529149999999999920e+01 1.060282182579264793e-01
1.537819999999999965e+01 1.055194996844913691e-01
1.546310000000000073e+01 1.050634734649726343e-01
1.554560000000000031e+01 1.045546174960210045e-01
1.562940000000000040e+01 1.041066266288190739e-01
1.571219999999999928e+01 1.036023986310033868e-01
1.578810000000000002e+01 1.031880182583482519e-01
1.586239999999999917e+01 1.027715055359543217e-01
1.593820000000000014e+01 1.023746078681472271e-01
1.601389999999999958e+01 1.019736191234215800e-01
1.608279999999999887e+01 1.016184973214885046e-01
1.615149999999999864e+01 1.012336479002858003e-01
1.622109999999999985e+01 1.008923743119760907e-01
1.628859999999999886e+01 1.005409904228121987e-01
1.635500000000000043e+01 1.002108669889602427e-01
1.641979999999999862e+01 9.986764493162619827e-02
1.648179999999999978e+01 9.956361876654243326e-02
1.654510000000000147e+01 9.927262068386848159e-02
1.661139999999999972e+01 9.896253153117971768e-02
1.667320000000000135e+01 9.867910365617336976e-02
1.673199999999999932e+01 9.838639172019414403e-02
1.679129999999999967e+01 9.810620425996252614e-02
1.685119999999999862e+01 9.783649246545809974e-02
1.690859999999999985e+01 9.753152637897961885e-02
1.696539999999999893e+01 9.726717311129882970e-02
