# {"time_iteration": 1000000, "date_time": "20200919_052158", "ensemble_size": 10000, "alpha": 3, "probability": 0.5, "desc": {"columns": ["number of particles", "sum of surviving particle sizes"], "type": "ensemble average"}}
4.992099999999999760e+00 2.855018265038771763e-01
5.085799999999999876e+00 2.816593219710216700e-01
5.161100000000000243e+00 2.783455426300857627e-01
5.227100000000000080e+00 2.754116176773484526e-01
5.295899999999999608e+00 2.726817436686036489e-01
5.346700000000000230e+00 2.704329238636346555e-01
5.401399999999999757e+00 2.683771088451218922e-01
5.453199999999999825e+00 2.666458228869844072e-01
5.498499999999999943e+00 2.648160292303073371e-01
5.541400000000000325e+00 2.630929343451818836e-01
5.582300000000000040e+00 2.616092566264350272e-01
5.621800000000000352e+00 2.602251996705964854e-01
5.655499999999999972e+00 2.588107717176776346e-01
5.689300000000000246e+00 2.575441061219692074e-01
5.721799999999999997e+00 2.563007862698910566e-01
5.753400000000000070e+00 2.552813295424455897e-01
5.783100000000000129e+00 2.543022287036212914e-01
5.811700000000000088e+00 2.532149970195298194e-01
5.840399999999999814e+00 2.522942141627423362e-01
5.868299999999999628e+00 2.513616055200060817e-01
5.895199999999999996e+00 2.503880826698928752e-01
5.918999999999999595e+00 2.495453795728529156e-01
5.943200000000000038e+00 2.487664137199015746e-01
5.965499999999999581e+00 2.478766735495661899e-01
5.987800000000000011e+00 2.472735187346735974e-01
6.009500000000000064e+00 2.465537726065730462e-01
6.030499999999999972e+00 2.458228392864834355e-01
6.050099999999999589e+00 2.451451384521833032e-01
6.070199999999999818e+00 2.444921231208401491e-01
6.089000000000000412e+00 2.439157641366387352e-01
6.107800000000000118e+00 2.432860461163469934e-01
6.126699999999999591e+00 2.427018397369907210e-01
6.145500000000000185e+00 2.421679312657818717e-01
6.161100000000000243e+00 2.415683779049965785e-01
6.175799999999999734e+00 2.409473020455965564e-01
6.193299999999999805e+00 2.404202875960510521e-01
6.208899999999999864e+00 2.398898614812866592e-01
6.225399999999999601e+00 2.393536191125422152e-01
6.243199999999999861e+00 2.388805502837719474e-01
6.256800000000000139e+00 2.383849168174198840e-01
6.270299999999999763e+00 2.379349343917570303e-01
6.284399999999999764e+00 2.375375595675818241e-01
6.297399999999999665e+00 2.371256463347008459e-01
6.311700000000000088e+00 2.366916885710188545e-01
6.324799999999999756e+00 2.362988887418693562e-01
6.336100000000000065e+00 2.359133209512954688e-01
6.349999999999999645e+00 2.355542748108391538e-01
6.364899999999999558e+00 2.351836131977930455e-01
6.379800000000000360e+00 2.347700619169273417e-01
6.393500000000000405e+00 2.343936234430911980e-01
