# {"time_iteration": 1000000, "date_time": "20200919_122529", "ensemble_size": 10000, "alpha": 3, "probability": 0.5, "desc": {"columns": ["number of particles", "sum of surviving particle sizes"], "type": "ensemble average"}}
5.008600000000000385e+00 2.879059717416946329e-01
5.094899999999999984e+00 2.838816677073823236e-01
5.169999999999999929e+00 2.802865110377333879e-01
5.238100000000000200e+00 2.774811875362325764e-01
5.299100000000000144e+00 2.748456986419155479e-01
5.351200000000000401e+00 2.725040465405179635e-01
5.405499999999999972e+00 2.705368305875905932e-01
5.455099999999999838e+00 2.686263217194835295e-01
5.501900000000000013e+00 2.667132520268352680e-01
5.541999999999999815e+00 2.649468790116946137e-01
5.581500000000000128e+00 2.634168770823713812e-01
5.622700000000000031e+00 2.620512782904554361e-01
5.658999999999999808e+00 2.607121273970265385e-01
5.694600000000000328e+00 2.593988837015659410e-01
5.726200000000000401e+00 2.583021868503653229e-01
5.756800000000000139e+00 2.572705307379963835e-01
5.788999999999999702e+00 2.561510214906804750e-01
5.816300000000000026e+00 2.552277821512013434e-01
5.843899999999999650e+00 2.543090480549166088e-01
5.868599999999999817e+00 2.534230838906398886e-01
5.894800000000000040e+00 2.524206997369358718e-01
5.919200000000000017e+00 2.516999138724811402e-01
5.942999999999999616e+00 2.509400077405507523e-01
5.964400000000000368e+00 2.501091056948296920e-01
5.989600000000000257e+00 2.492630859422709788e-01
6.011099999999999888e+00 2.485937856942010415e-01
6.033299999999999663e+00 2.479066391762230204e-01
6.053200000000000358e+00 2.473142484995286272e-01
6.070999999999999730e+00 2.466237606489363188e-01
6.090600000000000236e+00 2.460368764218801574e-01
6.110699999999999577e+00 2.453899623850336054e-01
6.129900000000000126e+00 2.447480229716578470e-01
6.149700000000000166e+00 2.441689401489304245e-01
6.168000000000000149e+00 2.436130970105039595e-01
6.183900000000000396e+00 2.429667826947412290e-01
6.198900000000000077e+00 2.425301640135046899e-01
6.215300000000000047e+00 2.420147145854294191e-01
6.232099999999999973e+00 2.415104894277756986e-01
6.252200000000000202e+00 2.410783596675690754e-01
6.267599999999999838e+00 2.406168537601665325e-01
6.282099999999999795e+00 2.401995395815649248e-01
6.294900000000000162e+00 2.396942433208652246e-01
6.310800000000000409e+00 2.392323257483699728e-01
6.326200000000000045e+00 2.388020282887005630e-01
6.340300000000000047e+00 2.384157054345591442e-01
6.354300000000000281e+00 2.380214431280758269e-01
6.367099999999999760e+00 2.375968345208539223e-01
6.379299999999999748e+00 2.371928275125665675e-01
6.393900000000000361e+00 2.367728061049269306e-01
6.407399999999999984e+00 2.363794758222350634e-01
