# {"time_iteration": 1000000, "date_time": "20200918_230735", "ensemble_size": 10000, "alpha": 2, "probability": 0.5, "desc": {"columns": ["number of particles", "sum of surviving particle sizes"], "type": "ensemble average"}}
1.140509999999999913e+01 1.367445718428968449e-01
1.171630000000000038e+01 1.336234809424150516e-01
1.200029999999999930e+01 1.308862763172649879e-01
1.225999999999999979e+01 1.284310700142545503e-01
1.249660000000000082e+01 1.264136278863426943e-01
1.271049999999999969e+01 1.245466707008066609e-01
1.290980000000000061e+01 1.228497731470877125e-01
1.309440000000000026e+01 1.213786593351209309e-01
1.327689999999999948e+01 1.199847499313798360e-01
1.344200000000000017e+01 1.187181270391116927e-01
1.359999999999999964e+01 1.175681332887727609e-01
1.374920000000000009e+01 1.164839419293276640e-01
1.390290000000000070e+01 1.154336970169137638e-01
1.404149999999999920e+01 1.144884076230905517e-01
1.416990000000000016e+01 1.135693496381344619e-01
1.428309999999999924e+01 1.127256123025169032e-01
1.440130000000000088e+01 1.118911305536217649e-01
1.451600000000000001e+01 1.111116349408116794e-01
1.463129999999999953e+01 1.103936710692853679e-01
1.474000000000000021e+01 1.096687900329412907e-01
1.485120000000000040e+01 1.090635799974728759e-01
1.495190000000000019e+01 1.084041220239379544e-01
1.504829999999999934e+01 1.077677297799787548e-01
1.513799999999999990e+01 1.071767673306324720e-01
1.523099999999999987e+01 1.066027973355985481e-01
1.532080000000000020e+01 1.060748500622766682e-01
1.540779999999999994e+01 1.055879843959595943e-01
1.549520000000000053e+01 1.050741281895994639e-01
1.558259999999999934e+01 1.046047930091501543e-01
1.566350000000000087e+01 1.041239465462350799e-01
1.574549999999999983e+01 1.036987077558830656e-01
1.582409999999999961e+01 1.032910560843797870e-01
1.590290000000000070e+01 1.028722094421445910e-01
1.597850000000000037e+01 1.024512515514717503e-01
1.605180000000000007e+01 1.020595528810599867e-01
1.612199999999999989e+01 1.016951666241788510e-01
1.618939999999999912e+01 1.013287842231870572e-01
1.625679999999999836e+01 1.009576430640435479e-01
1.632319999999999993e+01 1.006088691513515460e-01
1.639020000000000010e+01 1.002679323163750691e-01
1.645899999999999963e+01 9.994090691207031807e-02
1.652159999999999940e+01 9.962087519557051574e-02
1.658190000000000097e+01 9.930206557986263893e-02
1.664349999999999952e+01 9.898539399142322615e-02
1.670499999999999829e+01 9.865754439589360936e-02
1.676190000000000069e+01 9.835902406139650223e-02
1.682489999999999952e+01 9.805903546792778258e-02
1.687659999999999982e+01 9.777636551696132494e-02
1.693230000000000146e+01 9.750767606831051149e-02
1.699159999999999826e+01 9.723574849774407891e-02
