1.733915665851488638e-02 3.240192934364866540e-03
2.876322635700354416e-02 1.360881032433244008e-02
4.018729605549220540e-02 3.029580393631150018e-02
5.161136575398086318e-02 5.038500012937367767e-02
6.303543545246952096e-02 7.160826384946354650e-02
7.445950515095818567e-02 1.104905790618419675e-01
8.588357484944683651e-02 1.352780550097331946e-01
9.730764454793550122e-02 1.889032480734717245e-01
1.087317142464241659e-01 2.166068976622912978e-01
1.201557839449128307e-01 2.569472996951339128e-01
1.315798536434014676e-01 3.061982322974798887e-01
1.430039233418901323e-01 3.549631359596711611e-01
1.544279930403787970e-01 4.098844061971556041e-01
1.658520627388674340e-01 4.557331362184185441e-01
1.772761324373560987e-01 5.127605318632401099e-01
1.887002021358447634e-01 5.599053390582489076e-01
2.001242718343334281e-01 6.038099533188929779e-01
2.115483415328220929e-01 6.684518023594719915e-01
2.229724112313107576e-01 7.120323973266794448e-01
2.343964809297994223e-01 7.641995035699538086e-01
2.458205506282880870e-01 8.241430728557038732e-01
2.572446203267766962e-01 8.774442466260059525e-01
2.686686900252653887e-01 9.184326872457214685e-01
2.800927597237540256e-01 9.718958706627416344e-01
2.915168294222427181e-01 1.021956851498678764e+00
3.029408991207313551e-01 1.081576401490992545e+00
3.143649688192200475e-01 1.107335935319193165e+00
3.257890385177086845e-01 1.145084183004543732e+00
3.372131082161973215e-01 1.188664777971751407e+00
3.486371779146860139e-01 1.212642205686051300e+00
3.600612476131746509e-01 1.248446337610783052e+00
3.714853173116633434e-01 1.298669328093438491e+00
3.829093870101519803e-01 1.348568299282657534e+00
3.943334567086405618e-01 1.349378347516248633e+00
4.057575264071293097e-01 1.372545726996957427e+00
4.171815961056179467e-01 1.404623637047169638e+00
4.286056658041065281e-01 1.437673604977691255e+00
4.400297355025953316e-01 1.459544907284654025e+00
4.514538052010839131e-01 1.507823782006690649e+00
4.628778748995726611e-01 1.517382351163067078e+00
4.743019445980612980e-01 1.506851724126381242e+00
4.857260142965498795e-01 1.509281868827154760e+00
4.971500839950386275e-01 1.533421306188172961e+00
5.085741536935272089e-01 1.516410293282757671e+00
5.199982233920158459e-01 1.561610984717147321e+00
5.314222930905045938e-01 1.502801482958425083e+00
5.428463627889932308e-01 1.532449248307863554e+00
5.542704324874818678e-01 1.516086273989321054e+00
5.656945021859706157e-01 1.491622817334866236e+00
5.771185718844592527e-01 1.494863010269231296e+00
5.885426415829477786e-01 1.498589232143750838e+00
5.999667112814365266e-01 1.472019650081958897e+00
6.113907809799251636e-01 1.470075534321339861e+00
6.228148506784138005e-01 1.458572849404344618e+00
6.342389203769025485e-01 1.432975325222862084e+00
6.456629900753911855e-01 1.419528524545248027e+00
6.570870597738797114e-01 1.395389087184229826e+00
6.685111294723684594e-01 1.379188122512405412e+00
6.799351991708570964e-01 1.347758251049066214e+00
6.913592688693457333e-01 1.346300164228602103e+00
7.027833385678344813e-01 1.315356321705417608e+00
7.142074082663231183e-01 1.266591418043226280e+00
7.256314779648118662e-01 1.234351498346295983e+00
7.370555476633005032e-01 1.203731675116547883e+00
7.484796173617890291e-01 1.172787832593363611e+00
7.599036870602777771e-01 1.148000356645472175e+00
7.713277567587664141e-01 1.120944745643525531e+00
7.827518264572550510e-01 1.088218797006440530e+00
7.941758961557437990e-01 1.050146530027653125e+00
8.055999658542324360e-01 1.013694359516048360e+00
8.170240355527209619e-01 9.603931857457463916e-01
8.284481052512098209e-01 9.437061921337672743e-01
8.398721749496983469e-01 9.048238769213891031e-01
8.512962446481869838e-01 8.581650986665350089e-01
8.627203143466757318e-01 8.191207738074383071e-01
8.741443840451643688e-01 7.969254522070389202e-01
8.855684537436530057e-01 7.554509826471685896e-01
8.969925234421417537e-01 7.096022526259058161e-01
9.084165931406302796e-01 6.763902750486658899e-01
9.198406628391191386e-01 6.485246158131280358e-01
9.312647325376076646e-01 6.064021076663848042e-01
9.426888022360963015e-01 5.837207571258307137e-01
9.541128719345850495e-01 5.428943261528333952e-01
9.655369416330736865e-01 5.002857890659354601e-01
9.769610113315622124e-01 4.779284578188178201e-01
9.883850810300510714e-01 4.458505477686056651e-01
9.998091507285395974e-01 4.301356120369360103e-01
1.011233220427028234e+00 3.936834415253313013e-01
1.022657290125517093e+00 3.580413192473178019e-01
1.034081359824005508e+00 3.441084896295488749e-01
1.045505429522494145e+00 3.058742130040434382e-01
1.056929499220983004e+00 2.872431036314453956e-01
1.068353568919471641e+00 2.449585858379839109e-01
1.079777638617960278e+00 2.295676693997508178e-01
1.091201708316448915e+00 2.106125407337163524e-01
1.102625778014937552e+00 1.918194217144001124e-01
1.114049847713426189e+00 1.743223798688298132e-01
1.125473917411914826e+00 1.571493573166960200e-01
1.136897987110403463e+00 1.495349039209386000e-01
1.148322056808892100e+00 1.268535533803845372e-01
1.159746126507380959e+00 1.200491482182182990e-01
1.171170196205869596e+00 1.007700002587473553e-01
1.182594265904358011e+00 8.683717064097842830e-02
1.194018335602846870e+00 8.554109346723247354e-02
1.205442405301335507e+00 6.739601303478921779e-02
1.216866474999824144e+00 6.059160787262300035e-02
1.228290544698312781e+00 5.087102906952840897e-02
1.239714614396801418e+00 4.989897118921894636e-02
1.251138684095290055e+00 3.774824768535069847e-02
1.262562753793778914e+00 3.483207404442231758e-02
1.273986823492267328e+00 3.223991969693042192e-02
1.285410893190755965e+00 2.575953382820068971e-02
1.296834962889244824e+00 2.543551453476420449e-02
1.308259032587733461e+00 1.620096467182433053e-02
1.319683102286222098e+00 1.506689714479662878e-02
1.331107171984710735e+00 1.085464633012230354e-02
1.342531241683199372e+00 1.069263668340405919e-02
1.353955311381688231e+00 6.480385868729733080e-03
1.365379381080176646e+00 6.804405162166220038e-03
1.376803450778665283e+00 5.832347281856760032e-03
1.388227520477154142e+00 5.508327988420273075e-03
1.399651590175642779e+00 1.944115760618919794e-03
1.411075659874131416e+00 2.268135054055406535e-03
1.422499729572620053e+00 3.240192934364866540e-03
1.433923799271108690e+00 9.720578803094598970e-04
1.445347868969597327e+00 9.720578803094598970e-04
1.456771938668085742e+00 1.134067527027703267e-03
1.468196008366574379e+00 0.000000000000000000e+00
1.479620078065063238e+00 8.100482335912166350e-04
1.491044147763551653e+00 3.240192934364866323e-04
1.502468217462040512e+00 3.240192934364866323e-04
1.513892287160529149e+00 3.240192934364866323e-04
1.525316356859017564e+00 3.240192934364866323e-04
1.536740426557506423e+00 8.100482335912166350e-04
1.548164496255995282e+00 1.620096467182433162e-04
1.559588565954483697e+00 3.240192934364866323e-04
