1.337290259427684029e-02 2.491100325930519551e-03
2.331068284009734856e-02 9.341626222239449509e-03
3.324846308591785510e-02 2.325026970868485088e-02
4.318624333173836510e-02 3.757409658278534209e-02
5.312402357755887511e-02 5.397384039516125998e-02
6.306180382337937818e-02 7.846966026681137518e-02
7.299958406919988818e-02 1.017199299754962261e-01
8.293736431502039819e-02 1.278764833977666937e-01
9.287514456084090819e-02 1.698100055509304263e-01
1.028129248066614182e-01 2.032322682571648942e-01
1.127507050524819282e-01 2.403911814522951551e-01
1.226884852983024382e-01 2.773425029535978581e-01
1.326262655441229343e-01 3.244658174524501781e-01
1.425640457899434443e-01 3.524906961191685562e-01
1.525018260357639543e-01 4.104087786970531115e-01
1.624396062815844644e-01 4.270161142032565804e-01
1.723773865274050021e-01 4.930302728404153956e-01
1.823151667732254844e-01 5.245842103022019254e-01
1.922529470190459666e-01 5.849933932060170649e-01
2.021907272648665044e-01 6.296256073789388008e-01
2.121285075106870144e-01 6.545366106382440874e-01
2.220662877565075244e-01 7.317607207420901982e-01
2.320040680023280066e-01 7.660133502236348146e-01
2.419418482481485444e-01 8.079468723767986305e-01
2.518796284939690544e-01 8.517487197744102456e-01
2.618174087397895367e-01 8.822646987670591523e-01
2.717551889856100189e-01 9.522230995869412906e-01
2.816929692314305567e-01 1.003083064574689320e+00
2.916307494772510944e-01 1.023634642263616001e+00
3.015685297230715767e-01 1.079891991290880426e+00
3.115063099688920589e-01 1.125146980545284947e+00
3.214440902147125967e-01 1.125354572239112283e+00
3.313818704605331344e-01 1.160022385108312015e+00
3.413196507063536722e-01 1.211505125177542830e+00
3.512574309521740989e-01 1.222092301562747396e+00
3.611952111979946367e-01 1.290805152219664409e+00
3.711329914438151745e-01 1.293711435933249998e+00
3.810707716896356012e-01 1.327964065414794614e+00
3.910085519354561390e-01 1.344778992614825697e+00
4.009463321812766767e-01 1.367198895548200177e+00
4.108841124270972145e-01 1.398752833009986762e+00
4.208218926729176967e-01 1.434043420960669168e+00
4.307596729187381790e-01 1.449820389691562683e+00
4.406974531645587168e-01 1.451065939854527809e+00
4.506352334103791990e-01 1.488017261355830456e+00
4.605730136561996813e-01 1.506908105494136896e+00
4.705107939020202190e-01 1.490300769987933593e+00
4.804485741478407568e-01 1.465389766728628196e+00
4.903863543936612390e-01 1.514588998165756095e+00
5.003241346394817768e-01 1.534932984160855218e+00
5.102619148853022590e-01 1.562957862827573541e+00
5.201996951311227413e-01 1.500680354679310602e+00
5.301374753769433346e-01 1.518948423736134368e+00
5.400752556227637058e-01 1.499849987904000592e+00
5.500130358685842991e-01 1.532857067222579861e+00
5.599508161144047813e-01 1.511890306145998064e+00
5.698885963602253746e-01 1.511267531064515390e+00
5.798263766060458568e-01 1.483865427479279520e+00
5.897641568518663391e-01 1.488847628131140688e+00
5.997019370976868213e-01 1.484903385948417309e+00
6.096397173435073036e-01 1.497358887578069897e+00
6.195774975893277858e-01 1.491338728457071161e+00
6.295152778351483791e-01 1.451896306629838040e+00
6.394530580809688614e-01 1.448574839528597336e+00
6.493908383267893436e-01 1.406018542293951068e+00
6.593286185726099369e-01 1.358272452713615852e+00
6.692663988184304191e-01 1.396054140990228953e+00
6.792041790642510124e-01 1.346854909553101054e+00
6.891419593100713836e-01 1.339796791962964528e+00
6.990797395558918659e-01 1.309695996357970627e+00
7.090175198017124591e-01 1.255722155962809561e+00
7.189553000475329414e-01 1.245965346352914782e+00
7.288930802933534236e-01 1.211712716871370388e+00
7.388308605391740169e-01 1.214619000584955977e+00
7.487686407849943881e-01 1.162098302046587373e+00
7.587064210308148704e-01 1.135111381849006840e+00
7.686442012766354637e-01 1.107709278263771191e+00
7.785819815224559459e-01 1.075740157414329490e+00
7.885197617682765392e-01 1.066813714579745165e+00
7.984575420140970214e-01 1.040034386075991968e+00
8.083953222599175037e-01 1.015330974510514350e+00
8.183331025057380970e-01 9.777568779277290290e-01
8.282708827515584682e-01 9.360309474683928821e-01
8.382086629973790615e-01 9.050997850880889706e-01
8.481464432431995437e-01 8.666953217299933065e-01
8.580842234890200260e-01 8.469741108163767462e-01
8.680220037348406192e-01 8.064937305200057249e-01
8.779597839806611015e-01 7.724486927322886665e-01
8.878975642264814727e-01 7.411023469643296391e-01
8.978353444723020660e-01 7.161913437050244635e-01
9.077731247181225482e-01 6.869209148753407934e-01
9.177109049639430305e-01 6.472709013542800038e-01
9.276486852097636238e-01 6.121879050974252667e-01
9.375864654555841060e-01 5.714999331072266875e-01
9.475242457014046993e-01 5.592520231714017687e-01
9.574620259472251815e-01 5.191868262626857522e-01
9.673998061930455528e-01 5.158653591614450473e-01
9.773375864388661460e-01 4.826506881490382206e-01
9.872753666846866283e-01 4.400943909143918420e-01
9.972131469305072216e-01 4.365653321193235792e-01
1.007150927176327704e+00 3.969153185982627896e-01
1.017088707422148186e+00 3.711739485636474378e-01
1.027026487667968668e+00 3.502071874870655854e-01
1.036964267913789151e+00 3.178228832499688239e-01
1.046902048159609633e+00 3.099343988845221776e-01
1.056839828405430337e+00 2.860613540943546806e-01
1.066777608651250597e+00 2.538846415510854770e-01
1.076715388897071080e+00 2.397684063708125368e-01
1.086653169142891784e+00 2.221231123954713615e-01
1.096590949388712266e+00 2.150649948053348637e-01
1.106528729634532748e+00 1.864173410571338951e-01
1.116466509880353231e+00 1.679416803064825436e-01
1.126404290126173713e+00 1.588076457780706330e-01
1.136342070371994417e+00 1.419927185780396339e-01
1.146279850617814677e+00 1.249701996841810769e-01
1.156217630863635382e+00 1.253853830718361650e-01
1.166155411109455864e+00 1.050413970767369171e-01
1.176093191355276346e+00 9.445422069153221190e-02
1.186030971601096828e+00 8.801887818287836007e-02
1.195968751846917311e+00 7.992280212360416969e-02
1.205906532092737793e+00 6.705211710629649380e-02
1.215844312338558275e+00 5.895604104702229648e-02
1.225782092584378757e+00 5.231310684454091448e-02
1.235719872830199240e+00 4.670813111119724581e-02
1.245657653076019944e+00 4.027278860254340093e-02
1.255595433321840426e+00 3.134634576795904126e-02
1.265533213567660908e+00 2.947802052351114824e-02
1.275470993813481391e+00 2.781728697289080621e-02
1.285408774059302095e+00 2.574137003461536913e-02
1.295346554305122355e+00 1.992880260744415641e-02
1.305284334550942837e+00 1.868325244447889902e-02
1.315222114796763542e+00 1.536178534323820628e-02
1.325159895042583802e+00 1.120995146668733906e-02
1.335097675288404506e+00 1.266309332348014224e-02
1.345035455534224988e+00 8.718851140756819079e-03
1.354973235780045693e+00 7.265709283964015899e-03
1.364911016025865953e+00 7.058117590136473579e-03
1.374848796271686435e+00 5.604975733343669532e-03
1.384786576517507140e+00 4.774608958033496782e-03
1.394724356763327400e+00 3.113875407413149547e-03
1.404662137009148104e+00 2.698692019758063172e-03
1.414599917254968586e+00 1.660733550620346367e-03
1.424537697500788846e+00 2.283508632102976364e-03
1.434475477746609551e+00 1.037958469137716588e-03
1.444413257992430033e+00 1.245550162965259776e-03
1.454351038238250515e+00 1.660733550620346367e-03
1.464288818484070998e+00 2.075916938275432959e-04
1.474226598729891702e+00 1.037958469137716588e-03
1.484164378975711962e+00 6.227750814826298878e-04
1.494102159221532444e+00 2.075916938275432959e-04
1.504039939467353149e+00 0.000000000000000000e+00
1.513977719713173409e+00 0.000000000000000000e+00
1.523915499958994113e+00 0.000000000000000000e+00
1.533853280204814595e+00 0.000000000000000000e+00
1.543791060450635300e+00 0.000000000000000000e+00
1.553728840696455560e+00 2.075916938275432959e-04
