1.903612125757304929e-02 4.204164930427889066e-03
3.144014641862627468e-02 1.541527141156892773e-02
4.384417157967950701e-02 3.727692904979394706e-02
5.624819674073273240e-02 6.082025266019012305e-02
6.865222190178596473e-02 9.529440508969881651e-02
8.105624706283919012e-02 1.280868915470363689e-01
9.346027222389241551e-02 1.684468748791440873e-01
1.058642973849456409e-01 2.009590836744531150e-01
1.182683225459988940e-01 2.500076745294451119e-01
1.306723477070521056e-01 3.031202914838508344e-01
1.430763728681053448e-01 3.668834595953404665e-01
1.554803980291585563e-01 4.150912174642469310e-01
1.678844231902117679e-01 4.676432790945955209e-01
1.802884483512650349e-01 5.137489544982880574e-01
1.926924735123182464e-01 5.793339274129630789e-01
2.050964986733714857e-01 6.400140412421390090e-01
2.175005238344246972e-01 7.037772093536286411e-01
2.299045489954779642e-01 7.658587114929470419e-01
2.423085741565311757e-01 8.135059140377965958e-01
2.547125993175844427e-01 8.510631207496190953e-01
2.671166244786376542e-01 9.212726750877646698e-01
2.795206496396908658e-01 9.832140383960690233e-01
2.919246748007440773e-01 1.025535965362376567e+00
3.043286999617972888e-01 1.094624409052408209e+00
3.167327251228505558e-01 1.130219672130030828e+00
3.291367502839037673e-01 1.173382432082423765e+00
3.415407754449570343e-01 1.191039924790221027e+00
3.539448006060102458e-01 1.256905175366924476e+00
3.663488257670634574e-01 1.283391414428620259e+00
3.787528509281166689e-01 1.309176959335244694e+00
3.911568760891699359e-01 1.383450539772804078e+00
4.035609012502230919e-01 1.356263606556036949e+00
4.159649264112763589e-01 1.413580388440870639e+00
4.283689515723295149e-01 1.434881490755038680e+00
4.407729767333827819e-01 1.458284675534420538e+00
4.531770018944360490e-01 1.482949109792930820e+00
4.655810270554893160e-01 1.505791739248255601e+00
4.779850522165424720e-01 1.491917994977843609e+00
4.903890773775957390e-01 1.521627427152867362e+00
5.027931025386489505e-01 1.522187982476924439e+00
5.151971276997021620e-01 1.514340207940125582e+00
5.276011528607553736e-01 1.529335062858651728e+00
5.400051780218085851e-01 1.516021873912296813e+00
5.524092031828619076e-01 1.513639513785054236e+00
5.648132283439150081e-01 1.553859358286147740e+00
5.772172535049683306e-01 1.480987166158731050e+00
5.896212786660215421e-01 1.492058133808857878e+00
6.020253038270747536e-01 1.489255357188572493e+00
6.144293289881279652e-01 1.473559808114975223e+00
6.268333541491812877e-01 1.478744944862502964e+00
6.392373793102344992e-01 1.451838289307764374e+00
6.516414044712877107e-01 1.419185941681441188e+00
6.640454296323409222e-01 1.418765525188398380e+00
6.764494547933941337e-01 1.369576795502391864e+00
6.888534799544474563e-01 1.361869159796607498e+00
7.012575051155005568e-01 1.287315301697019576e+00
7.136615302765538793e-01 1.284092108583691605e+00
7.260655554376070908e-01 1.242611014603469677e+00
7.384695805986603023e-01 1.199868671144119547e+00
7.508736057597135138e-01 1.187536454014864518e+00
7.632776309207667254e-01 1.145634943541599782e+00
7.756816560818200479e-01 1.098968712813850335e+00
7.880856812428731484e-01 1.063373449736227494e+00
8.004897064039264709e-01 1.029179574968747346e+00
8.128937315649796824e-01 9.935843118911243943e-01
8.252977567260328939e-01 9.364076688373051960e-01
8.377017818870862165e-01 9.093608744515524478e-01
8.501058070481393170e-01 8.605925612585889617e-01
8.625098322091925285e-01 8.050975841769407726e-01
8.749138573702457400e-01 7.830957877077014961e-01
8.873178825312990625e-01 7.388119171071944047e-01
8.997219076923522740e-01 7.161094264828837819e-01
9.121259328534055966e-01 6.650988919936919874e-01
9.245299580144588081e-01 6.411351518902531632e-01
9.369339831755119086e-01 6.002146132340883122e-01
9.493380083365651201e-01 5.677024044387792845e-01
9.617420334976183316e-01 5.283233929237713955e-01
9.741460586586716541e-01 4.948302123113625384e-01
9.865500838197248656e-01 4.616173093609822198e-01
9.989541089807781882e-01 4.206967707048174243e-01
1.011358134141831400e+00 3.865028959373372763e-01
1.023762159302884500e+00 3.597363792136130667e-01
1.036166184463937823e+00 3.176947299093341726e-01
1.048570209624990923e+00 3.077448729073214984e-01
1.060974234786044246e+00 2.806980785215686947e-01
1.073378259947097568e+00 2.636011411378286762e-01
1.085782285108150669e+00 2.281460168912201047e-01
1.098186310269203991e+00 1.985767235472106207e-01
1.110590335430257092e+00 1.826008968115846454e-01
1.122994360591310414e+00 1.583568790461171716e-01
1.135398385752363515e+00 1.467253560719333216e-01
1.147802410913416837e+00 1.336924447876068622e-01
1.160206436074470160e+00 1.161750909108239943e-01
1.172610461235523260e+00 9.935843118911244498e-02
1.185014486396576583e+00 8.772690821492862279e-02
1.197418511557629683e+00 7.889816186103004725e-02
1.209822536718683006e+00 6.712650005583196966e-02
1.222226561879736106e+00 5.759705954686208246e-02
1.234630587040789429e+00 4.876831319296351386e-02
1.247034612201842751e+00 4.190151047326462486e-02
1.259438637362895852e+00 3.615581840167984146e-02
1.271842662523949175e+00 2.956929334400949100e-02
1.284246687685002497e+00 2.480457308952454740e-02
1.296650712846055598e+00 2.074054699011091893e-02
1.309054738007108698e+00 1.821804803185418653e-02
1.321458763168162021e+00 1.569554907359745413e-02
1.333862788329215343e+00 1.163152297418382566e-02
1.346266813490268444e+00 9.669579339984146066e-03
1.358670838651321766e+00 8.548468691870042199e-03
1.371074863812375089e+00 5.044997916513466532e-03
1.383478888973428189e+00 3.643609606370837133e-03
1.395882914134481290e+00 3.083054282313785633e-03
1.408286939295534612e+00 2.382360127242470500e-03
1.420690964456587935e+00 2.102082465213944533e-03
1.433094989617641035e+00 1.821804803185418566e-03
1.445499014778694358e+00 1.121110648114103650e-03
1.457903039939747680e+00 1.541527141156892817e-03
1.470307065100800781e+00 7.006941550713148082e-04
1.482711090261853881e+00 5.605553240570518249e-04
1.495115115422907204e+00 7.006941550713148082e-04
1.507519140583960526e+00 4.204164930427889500e-04
1.519923165745013849e+00 2.802776620285259124e-04
1.532327190906066949e+00 0.000000000000000000e+00
1.544731216067120272e+00 1.401388310142629562e-04
1.557135241228173372e+00 1.401388310142629562e-04
1.569539266389226473e+00 0.000000000000000000e+00
1.581943291550280017e+00 1.401388310142629562e-04
1.594347316711333118e+00 1.401388310142629562e-04
1.606751341872386218e+00 1.401388310142629562e-04
