# {"alpha": 3, "probability": 0.25, "ensemble_size": 50000, "total_time_iteration": 1000000, "cols": ["t", "N", "M"]}
1.000000000000000000e+05 2.355280000000000040e+00 1.395395069058605053e-01
1.500000000000000000e+05 2.413479999999999848e+00 1.318582583687976095e-01
2.000000000000000000e+05 2.456080000000000041e+00 1.265860009369335348e-01
2.500000000000000000e+05 2.488280000000000047e+00 1.226852254238878226e-01
3.000000000000000000e+05 2.515600000000000058e+00 1.195451690871626726e-01
3.500000000000000000e+05 2.538199999999999790e+00 1.170177274023235653e-01
4.000000000000000000e+05 2.558139999999999858e+00 1.148525373511504744e-01
4.500000000000000000e+05 2.576680000000000081e+00 1.129385865481312284e-01
5.000000000000000000e+05 2.592060000000000031e+00 1.112421541563685945e-01
5.500000000000000000e+05 2.606599999999999806e+00 1.097095065655286222e-01
6.000000000000000000e+05 2.619540000000000202e+00 1.084327541297041148e-01
6.500000000000000000e+05 2.632620000000000182e+00 1.072030903241337346e-01
7.000000000000000000e+05 2.644219999999999793e+00 1.061029183408503801e-01
7.500000000000000000e+05 2.655640000000000001e+00 1.050636538124059410e-01
8.000000000000000000e+05 2.665919999999999845e+00 1.041194902702224090e-01
8.500000000000000000e+05 2.675419999999999909e+00 1.032337205958428761e-01
9.000000000000000000e+05 2.684320000000000039e+00 1.024235317579746118e-01
9.500000000000000000e+05 2.693360000000000198e+00 1.016502568294795905e-01
1.000000000000000000e+06 2.701960000000000139e+00 1.009330135460514005e-01
