# {"alpha": 3, "probability": 0.75, "ensemble_size": 50000, "total_time_iteration": 1000000, "cols": ["t", "N", "M"]}
1.000000000000000000e+05 9.649399999999999977e+00 5.537801738661836115e-01
1.500000000000000000e+05 1.028518000000000043e+01 5.442926627775350745e-01
2.000000000000000000e+05 1.076776000000000089e+01 5.376323633000109625e-01
2.500000000000000000e+05 1.115521999999999991e+01 5.325978790807771590e-01
3.000000000000000000e+05 1.147752000000000017e+01 5.285470785727697240e-01
3.500000000000000000e+05 1.176152000000000086e+01 5.251512449238411318e-01
4.000000000000000000e+05 1.201556000000000068e+01 5.221692850357997351e-01
4.500000000000000000e+05 1.224091999999999913e+01 5.196315293035296268e-01
5.000000000000000000e+05 1.244612000000000052e+01 5.173130090689849192e-01
5.500000000000000000e+05 1.263425999999999938e+01 5.152325406853051071e-01
6.000000000000000000e+05 1.281006000000000000e+01 5.133489314152439587e-01
6.500000000000000000e+05 1.297001999999999988e+01 5.115221746673925818e-01
7.000000000000000000e+05 1.312016000000000027e+01 5.099651037942974918e-01
7.500000000000000000e+05 1.326246000000000080e+01 5.084778739556699012e-01
8.000000000000000000e+05 1.339764000000000088e+01 5.070833886914752897e-01
8.500000000000000000e+05 1.352954000000000079e+01 5.057619383229881027e-01
9.000000000000000000e+05 1.365112000000000059e+01 5.045600228641924367e-01
9.500000000000000000e+05 1.376740000000000030e+01 5.034239218677862837e-01
1.000000000000000000e+06 1.387833999999999968e+01 5.023512659589922658e-01
