# {"alpha": 3, "probability": 0.75, "ensemble_size": 50000, "total_iteraion": 1000000, "Mdf_avg": "1.001627", "cols": ["t", "M_df"]}
1.000000000000000000e+05 1.001529540725934364e+00
1.500000000000000000e+05 1.001762341545846091e+00
2.000000000000000000e+05 1.001730264662235248e+00
2.500000000000000000e+05 1.001559386919210981e+00
3.000000000000000000e+05 1.001746354236840553e+00
3.500000000000000000e+05 1.001724003633846838e+00
4.000000000000000000e+05 1.001746055035727334e+00
4.500000000000000000e+05 1.001693624388648063e+00
5.000000000000000000e+05 1.001596588978224567e+00
5.500000000000000000e+05 1.001667771731420187e+00
6.000000000000000000e+05 1.001566002286140566e+00
6.500000000000000000e+05 1.001526574242233236e+00
7.000000000000000000e+05 1.001568320917367361e+00
7.500000000000000000e+05 1.001525553905528110e+00
8.000000000000000000e+05 1.001554012542386962e+00
8.500000000000000000e+05 1.001541422324293329e+00
9.000000000000000000e+05 1.001607638996228955e+00
9.500000000000000000e+05 1.001641574520481637e+00
1.000000000000000000e+06 1.001624911230873050e+00
