# {"alpha": 3, "probability": 0.75, "ensemble_size": 50000, "total_iteraion": 1000000, "Mdf_avg": "0.99875", "cols": ["t", "M_df"]}
1.000000000000000000e+05 9.990535039690862096e-01
1.500000000000000000e+05 9.988640279432581259e-01
2.000000000000000000e+05 9.988679557877314652e-01
2.500000000000000000e+05 9.986015262431587880e-01
3.000000000000000000e+05 9.983556827300525960e-01
3.500000000000000000e+05 9.984648430763375382e-01
4.000000000000000000e+05 9.985740799721127825e-01
4.500000000000000000e+05 9.986228827999000801e-01
5.000000000000000000e+05 9.986312702411794806e-01
5.500000000000000000e+05 9.987667360394492100e-01
6.000000000000000000e+05 9.987535828086946399e-01
6.500000000000000000e+05 9.987273519060394511e-01
7.000000000000000000e+05 9.988041504634389556e-01
7.500000000000000000e+05 9.988221437788376011e-01
8.000000000000000000e+05 9.988367309774888181e-01
8.500000000000000000e+05 9.988610373001713949e-01
9.000000000000000000e+05 9.988517351726534654e-01
9.500000000000000000e+05 9.988809669485909648e-01
1.000000000000000000e+06 9.988489412597315598e-01
