-9.016235481059164947e-01 3.024774198140400827e-06
-8.367840365952255999e-01 2.821608704575706561e-05
-7.719445250845347051e-01 1.887636635540257402e-04
-7.071050135738439213e-01 6.844599808467910496e-04
-6.422655020631530265e-01 1.988738063482986540e-03
-5.774259905524621317e-01 5.667913270049187990e-03
-5.125864790417713479e-01 1.451636280652721100e-02
-4.477469675310804531e-01 3.059877920893035175e-02
-3.829074560203895583e-01 5.662990898076740443e-02
-3.180679445096986635e-01 9.660942217510588848e-02
-2.532284329990077687e-01 1.504879605213482185e-01
-1.883889214883169849e-01 2.171638123128151743e-01
-1.235494099776260901e-01 2.906440222613171365e-01
-5.870989846693519532e-02 3.689036014692723686e-01
6.129613043755588464e-03 4.475256783899426161e-01
7.096912455444648327e-02 5.193789676246067799e-01
1.358086360651373781e-01 5.836773568735127427e-01
2.006481475758281618e-01 6.320538598412202003e-01
2.654876590865191677e-01 6.650754187051596267e-01
3.303271705972099515e-01 6.868754852587024562e-01
3.951666821079009573e-01 7.023663813720253390e-01
4.600061936185917411e-01 7.052534158848995371e-01
5.248457051292825248e-01 6.962612135700363414e-01
5.896852166399735307e-01 6.749379789223809434e-01
6.545247281506643144e-01 6.452236459581152106e-01
7.193642396613550982e-01 6.100508869359825281e-01
7.842037511720461040e-01 5.754246035775267831e-01
8.490432626827368878e-01 5.429148933058435267e-01
9.138827741934276716e-01 5.101639383487673873e-01
9.787222857041186774e-01 4.763767009056180668e-01
1.043561797214809461e+00 4.396334125347783339e-01
1.108401308725500467e+00 4.044513033198725571e-01
1.173240820236191251e+00 3.729729471259276563e-01
1.238080331746882035e+00 3.407204106664372678e-01
1.302919843257572818e+00 3.072184486753120058e-01
1.367759354768264046e+00 2.761155763979757927e-01
1.432598866278954830e+00 2.497843223076252617e-01
1.497438377789645614e+00 2.257431950505454643e-01
1.562277889300336398e+00 2.064394864590586853e-01
1.627117400811027181e+00 1.888077380059205446e-01
1.691956912321718409e+00 1.704962541046841640e-01
1.756796423832409193e+00 1.514756343883716105e-01
1.821635935343099977e+00 1.353626446528203853e-01
1.886475446853790761e+00 1.203560804020606528e-01
1.951314958364481544e+00 1.073036385122398267e-01
2.016154469875172328e+00 9.629609705338659786e-02
2.080993981385863556e+00 8.475915660859766054e-02
2.145833492896554340e+00 7.308029664683737825e-02
2.210673004407245124e+00 6.429320382616193763e-02
2.275512515917935907e+00 5.726899426320383735e-02
2.340352027428626691e+00 5.141064031797473732e-02
2.405191538939317919e+00 4.601933203362354452e-02
2.470031050450008703e+00 4.051208498273919933e-02
2.534870561960699487e+00 3.603187378450312117e-02
2.599710073471390270e+00 3.200219192381945077e-02
2.664549584982081054e+00 2.777316958030437433e-02
2.729389096492771838e+00 2.443882614546437348e-02
2.794228608003463066e+00 2.188550127804868295e-02
2.859068119514153850e+00 1.921383883633701051e-02
2.923907631024844633e+00 1.665395885090843742e-02
2.988747142535535417e+00 1.483699317824019315e-02
3.053586654046226201e+00 1.259908151767166751e-02
3.118426165556917429e+00 1.116816582832695637e-02
3.183265677067608213e+00 1.044536576009211237e-02
3.248105188578298996e+00 9.578783574087451624e-03
3.312944700088989780e+00 8.178104089011678512e-03
3.377784211599680564e+00 7.149882210836788765e-03
3.442623723110371348e+00 6.511297471156612948e-03
3.507463234621062131e+00 5.973866221927276454e-03
3.572302746131752915e+00 5.392118911354312760e-03
3.637142257642444587e+00 4.655812529207131734e-03
3.701981769153135371e+00 4.094444279644823825e-03
3.766821280663826155e+00 3.408996410748835193e-03
3.831660792174516939e+00 2.942386612367592358e-03
3.896500303685207722e+00 2.531798523999290174e-03
3.961339815195898506e+00 2.021102533628374442e-03
4.026179326706589734e+00 1.834899303726406083e-03
4.091018838217280518e+00 1.593968855269883855e-03
4.155858349727971301e+00 1.165686759348083523e-03
4.220697861238662085e+00 9.059198567172299654e-04
4.285537372749352869e+00 9.908604945583210366e-04
4.350376884260043653e+00 9.527851495851891173e-04
4.415216395770734437e+00 7.289828592992320111e-04
4.480055907281425220e+00 5.978039742953189517e-04
4.544895418792116004e+00 5.964099161102631719e-04
4.609734930302806788e+00 5.381905623584870568e-04
4.674574441813497572e+00 5.361608925180672003e-04
4.739413953324188356e+00 6.324616401115479292e-04
4.804253464834879139e+00 6.185500918781672297e-04
4.869092976345569923e+00 4.551955440917909712e-04
4.933932487856260707e+00 3.566153855436016151e-04
4.998771999366953267e+00 3.377270296177625752e-04
5.063611510877644051e+00 2.675319491080019318e-04
5.128451022388334835e+00 1.805380554640856339e-04
5.193290533899025618e+00 1.775369234363055604e-04
5.258130045409716402e+00 2.214902886914504876e-04
5.322969556920407186e+00 1.671898802046156707e-04
5.387809068431097970e+00 1.858263986531660805e-04
5.452648579941788753e+00 1.516520172571700353e-04
5.517488091452479537e+00 7.101450475680004537e-05
5.582327602963170321e+00 2.752664213816202743e-05
5.647167114473861105e+00 3.369471509445665092e-05
5.712006625984551889e+00 5.543916283269612055e-05
5.776846137495242672e+00 8.065108104110541021e-05
5.841685649005933456e+00 3.455841510389967564e-05
5.906525160516624240e+00 5.188603982186901220e-06
5.971364672027315024e+00 1.908255924147617133e-05
6.036204183538005807e+00 6.466392618707794693e-05
6.101043695048696591e+00 8.569605562691595679e-05
6.165883206559387375e+00 3.993331729212901138e-05
6.230722718070078159e+00 8.810226024905110087e-06
6.295562229580768943e+00 1.053647732954243743e-05
6.360401741091459726e+00 3.058342756834253606e-05
6.425241252602152286e+00 2.371049382957068907e-05
6.490080764112843070e+00 7.275113822952095077e-06
6.554920275623533854e+00 9.781364419814142508e-07
6.619759787134224638e+00 1.251298862611771590e-05
6.684599298644915422e+00 4.028346860218690040e-05
6.749438810155606205e+00 5.276324301814461215e-05
6.814278321666296989e+00 3.073666956829312902e-05
6.879117833176987773e+00 8.540691273720146803e-06
6.943957344687678557e+00 2.413329355799298526e-09
7.008796856198369341e+00 1.562476154265413086e-06
7.073636367709060124e+00 9.297091656298994700e-06
7.138475879219750908e+00 3.021195287492006720e-05
7.203315390730441692e+00 2.405718254505639919e-05
7.268154902241132476e+00 7.973206236175367501e-06
7.332994413751824148e+00 0.000000000000000000e+00
