-8.957568564670363997e-01 6.015359150415844347e-06
-8.228018622536312776e-01 1.969663471851346159e-05
-7.498468680402260444e-01 2.085209553151501360e-04
-6.768918738268208113e-01 8.865681063744551560e-04
-6.039368796134156891e-01 3.480706524392834789e-03
-5.309818854000105670e-01 1.089719430524013419e-02
-4.580268911866053338e-01 2.632126882587731975e-02
-3.850718969732001007e-01 5.610243539417796022e-02
-3.121169027597949786e-01 1.041685256517226044e-01
-2.391619085463898564e-01 1.643925582281404729e-01
-1.662069143329846233e-01 2.402421509413954492e-01
-9.325192011957939009e-02 3.246739378745488458e-01
-2.029692590617426795e-02 4.114654744641498829e-01
5.265806830723085419e-02 4.976313974473040025e-01
1.256130625206361984e-01 5.730218365320883800e-01
1.985680567340413205e-01 6.311771395781426985e-01
2.715230509474464426e-01 6.699012391506302677e-01
3.444780451608515648e-01 6.915761633781335460e-01
4.174330393742566869e-01 7.059078854317228924e-01
4.903880335876620311e-01 7.001679723652849408e-01
5.633430278010671532e-01 6.787850309146805650e-01
6.362980220144722754e-01 6.515283379499088312e-01
7.092530162278776196e-01 6.237609581047702800e-01
7.822080104412827417e-01 5.931066697786384623e-01
8.551630046546878638e-01 5.527362696777317064e-01
9.281179988680929860e-01 5.039159864512896547e-01
1.001072993081498108e+00 4.616353376585436430e-01
1.074027987294903452e+00 4.258043013277708067e-01
1.146982981508308796e+00 3.829716650390004862e-01
1.219937975721713919e+00 3.459023473013319583e-01
1.292892969935119041e+00 3.119342179709362339e-01
1.365847964148524163e+00 2.787639496550211038e-01
1.438802958361929285e+00 2.501141597320291066e-01
1.511757952575334407e+00 2.230842166723824849e-01
1.584712946788739529e+00 1.978779167168684128e-01
1.657667941002144651e+00 1.734956828499441550e-01
1.730622935215549774e+00 1.545145962556302988e-01
1.803577929428955340e+00 1.358317725968001821e-01
1.876532923642360462e+00 1.188796929075748576e-01
1.949487917855765584e+00 1.051173564937756821e-01
2.022442912069170706e+00 9.219206310819412498e-02
2.095397906282575828e+00 8.182119271920040848e-02
2.168352900495980951e+00 6.948375828222244643e-02
2.241307894709386073e+00 5.976318555965973861e-02
2.314262888922791639e+00 5.331009899902108828e-02
2.387217883136196761e+00 4.773863488952974354e-02
2.460172877349601883e+00 4.103381236660362530e-02
2.533127871563007005e+00 3.553434522401657802e-02
2.606082865776412127e+00 3.204977637724384931e-02
2.679037859989817250e+00 2.837168169698578435e-02
2.751992854203222372e+00 2.450825878524179324e-02
2.824947848416627494e+00 2.157195631807407032e-02
2.897902842630032616e+00 1.822760977990109388e-02
2.970857836843438182e+00 1.608422580290966297e-02
3.043812831056843304e+00 1.381593834770417084e-02
3.116767825270247982e+00 1.195490644224009302e-02
3.189722819483653993e+00 1.064209208899936920e-02
3.262677813697059115e+00 9.370268844079196469e-03
3.335632807910464237e+00 8.240733169772876399e-03
3.408587802123869359e+00 7.024456611036830611e-03
3.481542796337274481e+00 5.740472161270701590e-03
3.554497790550679603e+00 4.592750106236026530e-03
3.627452784764084726e+00 4.334591948557953156e-03
3.700407778977489848e+00 3.469852382524930834e-03
3.773362773190894970e+00 2.959075426851268120e-03
3.846317767404300092e+00 2.476095371756498187e-03
3.919272761617705214e+00 2.414711263451885248e-03
3.992227755831110336e+00 2.174015149011318537e-03
4.065182750044515458e+00 1.998267107856971370e-03
4.138137744257920581e+00 1.672995445904486983e-03
4.211092738471325703e+00 1.421163289420018794e-03
4.284047732684730825e+00 1.419574426961819902e-03
4.357002726898135947e+00 1.120089653665355678e-03
4.429957721111541957e+00 8.186394361496679428e-04
4.502912715324947079e+00 6.713423057992801146e-04
4.575867709538352202e+00 6.107150676216144269e-04
4.648822703751757324e+00 5.583810991381388256e-04
4.721777697965162446e+00 4.489838158434622528e-04
4.794732692178567568e+00 3.482241012101594535e-04
4.867687686391972690e+00 4.204198873657971625e-04
4.940642680605377812e+00 4.655486850466683535e-04
5.013597674818782934e+00 3.866044664864176639e-04
5.086552669032188057e+00 2.380499211172559804e-04
5.159507663245593179e+00 2.557949592870145672e-04
5.232462657458998301e+00 2.292629523708011874e-04
5.305417651672403423e+00 8.844115121431350701e-05
5.378372645885808545e+00 5.813121217107530825e-05
5.451327640099213667e+00 1.426480585349221286e-04
5.524282634312619678e+00 8.946180769264788779e-05
5.597237628526024800e+00 7.351713642544943639e-05
5.670192622739429922e+00 9.066331184132137011e-05
5.743147616952835044e+00 7.160042059037308171e-05
5.816102611166240166e+00 4.077765364099428247e-05
5.889057605379645288e+00 3.064308049194330863e-05
5.962012599593050410e+00 5.890618051873630634e-05
6.034967593806455533e+00 9.216705899056654161e-05
6.107922588019860655e+00 4.438240112669689097e-05
6.180877582233265777e+00 3.587776951634313871e-05
6.253832576446670899e+00 4.594967142804162741e-05
6.326787570660076021e+00 3.549908774565235792e-05
6.399742564873481143e+00 2.661455971360304762e-05
6.472697559086886265e+00 5.220642287404042570e-06
6.545652553300291387e+00 8.035481628421159428e-07
6.618607547513696510e+00 0.000000000000000000e+00
6.691562541727101632e+00 7.207606202014327224e-07
6.764517535940507642e+00 0.000000000000000000e+00
6.837472530153912764e+00 8.158584324097217788e-07
6.910427524367317886e+00 0.000000000000000000e+00
6.983382518580723008e+00 9.176494414064872984e-07
7.056337512794128131e+00 0.000000000000000000e+00
7.129292507007532365e+00 1.035830914222768406e-06
7.202247501220938375e+00 0.000000000000000000e+00
7.275202495434344385e+00 1.176324470691936241e-06
7.348157489647748619e+00 0.000000000000000000e+00
7.421112483861154629e+00 1.346116606820713102e-06
7.494067478074558863e+00 0.000000000000000000e+00
7.567022472287964874e+00 1.554548006960088102e-06
7.639977466501369108e+00 0.000000000000000000e+00
7.712932460714775118e+00 1.814581731929276742e-06
7.785887454928179352e+00 0.000000000000000000e+00
7.858842449141585362e+00 2.144711380866470840e-06
7.931797443354989596e+00 0.000000000000000000e+00
8.004752437568395607e+00 2.677762383176962580e-06
8.077707431781799841e+00 0.000000000000000000e+00
8.150662425995205851e+00 2.019282558486656942e-05
8.223617420208610085e+00 2.680782710792750656e-05
8.296572414422016095e+00 1.186016132265210743e-05
8.369527408635420329e+00 0.000000000000000000e+00
