# {"time_iteration": 1000000, "date_time": "20200919_063256", "ensemble_size": 10000, "alpha": 2, "probability": 0.5, "desc": {"columns": ["number of particles", "sum of surviving particle sizes"], "type": "ensemble average"}}
1.156199999999999939e+01 1.387054549213090626e-01
1.187940000000000040e+01 1.354713886165027359e-01
1.216840000000000011e+01 1.327871037026545631e-01
1.243820000000000014e+01 1.304172837492711678e-01
1.268500000000000050e+01 1.282799707220202701e-01
1.291099999999999959e+01 1.264317131208587408e-01
1.311519999999999975e+01 1.247655474521022212e-01
1.330959999999999965e+01 1.232710961148196643e-01
1.348659999999999926e+01 1.218124195750835553e-01
1.365579999999999927e+01 1.205851131684251842e-01
1.381039999999999957e+01 1.193838852873033152e-01
1.395390000000000086e+01 1.182479724335868260e-01
1.409759999999999991e+01 1.172343614828142838e-01
1.423499999999999943e+01 1.162765867740491316e-01
1.437049999999999983e+01 1.153996830552439373e-01
1.449160000000000004e+01 1.145431421432999697e-01
1.461899999999999977e+01 1.137194495261242277e-01
1.473770000000000024e+01 1.129134739813519028e-01
1.485790000000000077e+01 1.121983423975207173e-01
1.496480000000000032e+01 1.114644820809431863e-01
1.506840000000000046e+01 1.107996805622488007e-01
1.517459999999999987e+01 1.101322399030245092e-01
1.527169999999999916e+01 1.094923850037624324e-01
1.536289999999999978e+01 1.089207511083806756e-01
1.545790000000000042e+01 1.083855716155960464e-01
1.554920000000000080e+01 1.078565930280902252e-01
1.563669999999999938e+01 1.073406904490873531e-01
1.572509999999999941e+01 1.068386435888098313e-01
1.580920000000000059e+01 1.063413508210859643e-01
1.589320000000000022e+01 1.058591415761146598e-01
1.597279999999999944e+01 1.054286062800140339e-01
1.605310000000000059e+01 1.050055853541879552e-01
1.612869999999999848e+01 1.045545899220070851e-01
1.620260000000000034e+01 1.041139292311858977e-01
1.627149999999999963e+01 1.037027116691531942e-01
1.634530000000000172e+01 1.032963858395207352e-01
1.641619999999999990e+01 1.028887199915407141e-01
1.648290000000000077e+01 1.025266959559992946e-01
1.655069999999999908e+01 1.021443004570305180e-01
1.662099999999999866e+01 1.018110703165452380e-01
1.669040000000000035e+01 1.014882983946779754e-01
1.675329999999999941e+01 1.011523997366957500e-01
1.681599999999999895e+01 1.007859277656359409e-01
1.687730000000000175e+01 1.004738712118339733e-01
1.693890000000000029e+01 1.001677864603228163e-01
1.699869999999999948e+01 9.985859224480780894e-02
1.705849999999999866e+01 9.957942169735869986e-02
1.712359999999999971e+01 9.928867142159361614e-02
1.718199999999999861e+01 9.901138257073846538e-02
1.723320000000000007e+01 9.874429733422800115e-02
