# {"time_iteration": 1000000, "date_time": "20200919_025432", "ensemble_size": 10000, "alpha": 2, "probability": 0.5, "desc": {"columns": ["number of particles", "sum of surviving particle sizes"], "type": "ensemble average"}}
1.146380000000000088e+01 1.378086308015202543e-01
1.179400000000000048e+01 1.345184947604159409e-01
1.208569999999999922e+01 1.316885156258274236e-01
1.234110000000000085e+01 1.292814579667442010e-01
1.258000000000000007e+01 1.271763506009544187e-01
1.279780000000000051e+01 1.251666922545234539e-01
1.300399999999999956e+01 1.235540144533412849e-01
1.319400000000000084e+01 1.220533685055733980e-01
1.336190000000000033e+01 1.206874596605338884e-01
1.352929999999999922e+01 1.193911651974801508e-01
1.369410000000000061e+01 1.181807277045135163e-01
1.384830000000000005e+01 1.171074141027579341e-01
1.399619999999999997e+01 1.160549387573160673e-01
1.413349999999999973e+01 1.151236637920059619e-01
1.426169999999999938e+01 1.142277565015515362e-01
1.438770000000000060e+01 1.133537474432005365e-01
1.451110000000000078e+01 1.125152290306932201e-01
1.463020000000000032e+01 1.117415722149400353e-01
1.473959999999999937e+01 1.110113698676840621e-01
1.484490000000000087e+01 1.103057123775019327e-01
1.494880000000000031e+01 1.096009184789616536e-01
1.505349999999999966e+01 1.089620336787123084e-01
1.515290000000000070e+01 1.083567873773445683e-01
1.524830000000000041e+01 1.077614292857774908e-01
1.534249999999999936e+01 1.071849850446684738e-01
1.542769999999999975e+01 1.066740940668199356e-01
1.551709999999999923e+01 1.061579362130976728e-01
1.560009999999999941e+01 1.056444194966954936e-01
1.568360000000000021e+01 1.051481824187207453e-01
1.576570000000000071e+01 1.046844289457556643e-01
1.584629999999999939e+01 1.042237964848259507e-01
1.592849999999999966e+01 1.037835156169758383e-01
1.600730000000000075e+01 1.033657217021480140e-01
1.608340000000000103e+01 1.029534697585123976e-01
1.615630000000000166e+01 1.025655486967722019e-01
1.622510000000000119e+01 1.021880065338807014e-01
1.629380000000000095e+01 1.018141771787899608e-01
1.635709999999999908e+01 1.014552640773390413e-01
1.642650000000000077e+01 1.011040533072913861e-01
1.649480000000000146e+01 1.007496602119646034e-01
1.656269999999999953e+01 1.004206020506324126e-01
1.662440000000000140e+01 1.000753724224567598e-01
1.668530000000000157e+01 9.976623070384517400e-02
1.674729999999999919e+01 9.945190319161252568e-02
1.681070000000000064e+01 9.915955763427211633e-02
1.686850000000000094e+01 9.886180581460941863e-02
1.692379999999999995e+01 9.857305245967598606e-02
1.698659999999999926e+01 9.827540507880322407e-02
1.704579999999999984e+01 9.799917138480837564e-02
1.709890000000000043e+01 9.770844123085298261e-02
