5.061633561520261990e-03 1.552813546359181444e-02
9.701856239941955215e-03 4.442397015236266428e-02
1.434207891836364844e-02 7.169947766232392938e-02
1.898230159678533993e-02 1.032958576491107561e-01
2.362252427520703316e-02 1.296261743047664450e-01
2.826274695362872638e-02 1.562265454902237172e-01
3.290296963205042308e-02 1.872828164174073495e-01
3.754319231047211630e-02 2.121278331591542610e-01
4.218341498889380953e-02 2.462897311790562538e-01
4.682363766731550275e-02 2.677590662982831660e-01
5.146386034573719598e-02 2.947645192784428270e-01
5.610408302415888920e-02 3.121830364506458788e-01
6.074430570258057549e-02 3.343275078943768186e-01
6.538452838100226872e-02 3.674091877950723672e-01
7.002475105942396194e-02 3.892836047090017515e-01
7.466497373784565517e-02 4.153438668348558016e-01
7.930519641626734839e-02 4.419442380203130738e-01
8.394541909468904162e-02 4.885286444110885085e-01
8.858564177311073484e-02 4.739456998018023448e-01
9.322586445153242807e-02 5.063522433779940046e-01
9.786608712995412129e-02 5.355181325965663319e-01
1.025063098083758145e-01 5.436197684906142191e-01
1.071465324867975077e-01 5.854782206098617658e-01
1.117867551652192010e-01 6.039769559012712064e-01
1.164269778436408942e-01 6.192350368350614254e-01
1.210672005220625874e-01 6.316575452059348672e-01
1.257074232004842806e-01 6.683849612589519706e-01
1.303476458789059877e-01 6.804023878351230792e-01
1.349878685573276671e-01 7.130789859411161835e-01
1.396280912357493742e-01 7.211806218351640707e-01
1.442683139141710535e-01 7.232060308086761813e-01
1.489085365925927607e-01 7.476459657557207317e-01
1.535487592710144400e-01 7.896394451398689451e-01
1.581889819494361471e-01 7.857236544577457238e-01
1.628292046278578264e-01 8.059777441928656083e-01
1.674694273062795336e-01 8.304176791399100477e-01
1.721096499847012129e-01 8.452706782789978224e-01
1.767498726631229200e-01 8.558028049412601534e-01
1.813900953415445716e-01 8.792975490339991484e-01
1.860303180199663065e-01 8.960409298816980339e-01
1.906705406983880136e-01 9.110289562856866974e-01
1.953107633768096651e-01 9.242616282459649169e-01
1.999509860552313445e-01 9.303378551665009155e-01
2.045912087336530516e-01 9.361440275572351366e-01
2.092314314120747865e-01 9.631494805373949086e-01
2.138716540904964380e-01 9.732765254049546844e-01
2.185118767689181174e-01 1.001902305563924012e+00
2.231520994473398245e-01 1.004737878126840789e+00
2.277923221257615594e-01 1.032013385636802116e+00
2.324325448041832110e-01 1.025667104186464451e+00
2.370727674826048903e-01 1.037549503497734893e+00
2.417129901610265974e-01 1.053347693491128112e+00
2.463532128394483323e-01 1.066715392716307109e+00
2.509934355178700116e-01 1.077922655703073440e+00
2.556336581962916910e-01 1.088454782365335660e+00
2.602738808747133703e-01 1.088319755100434882e+00
2.649141035531351052e-01 1.105738272272637879e+00
2.695543262315567845e-01 1.113704880901785099e+00
2.741945489099784639e-01 1.113164771842181766e+00
2.788347715884001432e-01 1.138549897643531983e+00
2.834749942668218781e-01 1.146786560802480759e+00
2.881152169452435574e-01 1.153132842252818202e+00
2.927554396236652368e-01 1.188239931127025750e+00
2.973956623020869161e-01 1.187699822067422639e+00
3.020358849805086510e-01 1.154078033107123646e+00
3.066761076589303303e-01 1.183108895060795529e+00
3.113163303373520097e-01 1.199447194113791859e+00
3.159565530157736890e-01 1.211599647954863856e+00
3.205967756941954239e-01 1.205388393769427191e+00
3.252369983726171032e-01 1.225372428974745187e+00
3.298772210510387826e-01 1.227937947007860409e+00
3.345174437294604619e-01 1.216730684021094300e+00
3.391576664078821968e-01 1.231718710425082852e+00
3.437978890863038761e-01 1.233879146663495519e+00
3.484381117647255555e-01 1.235499473842305074e+00
3.530783344431472348e-01 1.241440673497940184e+00
3.577185571215689697e-01 1.257373890756234402e+00
3.623587797999906490e-01 1.257508918021135402e+00
3.669990024784123284e-01 1.254943399988020181e+00
3.716392251568340077e-01 1.280463553054271175e+00
3.762794478352557426e-01 1.254403290928417070e+00
3.809196705136774219e-01 1.276277707842346176e+00
3.855598931920991013e-01 1.262639954087365846e+00
3.902001158705207806e-01 1.282623989292683842e+00
3.948403385489425155e-01 1.273982244339032732e+00
3.994805612273641393e-01 1.270741589981413400e+00
4.041207839057858742e-01 1.298422179286077283e+00
4.087610065842075535e-01 1.282488962027783064e+00
4.134012292626292884e-01 1.291535788776136506e+00
4.180414519410509677e-01 1.279518362199965509e+00
4.226816746194726471e-01 1.291265734246334729e+00
4.273218972978943264e-01 1.289510379802624618e+00
4.319621199763160613e-01 1.295316552193358950e+00
4.366023426547376851e-01 1.286134698180104508e+00
4.412425653331594200e-01 1.278168089550957509e+00
4.458827880115810993e-01 1.303553215352307504e+00
4.505230106900028342e-01 1.292480979630441951e+00
4.551632333684245135e-01 1.255213454517821736e+00
4.598034560468461929e-01 1.295316552193358950e+00
4.644436787252678722e-01 1.286539779974806841e+00
4.690839014036896071e-01 1.282353934762882286e+00
4.737241240821112309e-01 1.260209463319151402e+00
4.783643467605329658e-01 1.260344490584052179e+00
4.830045694389546451e-01 1.292616006895342951e+00
4.876447921173763800e-01 1.301797860908597171e+00
4.922850147957980593e-01 1.281138689378775064e+00
4.969252374742196832e-01 1.276547762372147732e+00
5.015654601526414735e-01 1.276547762372147732e+00
5.062056828310631529e-01 1.252242854690004181e+00
5.108459055094847212e-01 1.266015635709885734e+00
5.154861281879065116e-01 1.257643945286036180e+00
5.201263508663281909e-01 1.251297663835698737e+00
5.247665735447498703e-01 1.283299125617187730e+00
5.294067962231716606e-01 1.218080956670102299e+00
5.340470189015932290e-01 1.270201480921810289e+00
5.386872415800150193e-01 1.224292210855538743e+00
5.433274642584366987e-01 1.264935417590679068e+00
5.479676869368582670e-01 1.245356464180063405e+00
5.526079096152800574e-01 1.252377881954904959e+00
5.572481322937017367e-01 1.214435220517780634e+00
5.618883549721234161e-01 1.200122330438296192e+00
5.665285776505452064e-01 1.202147739411808081e+00
5.711688003289667748e-01 1.189185121981331195e+00
5.758090230073885651e-01 1.222401829146927632e+00
5.804492456858102445e-01 1.178517968054168419e+00
5.850894683642318128e-01 1.186889658478017751e+00
5.897296910426536032e-01 1.164340105239584311e+00
5.943699137210752825e-01 1.174062068312442086e+00
5.990101363994969619e-01 1.173386931987937976e+00
6.036503590779187522e-01 1.165825405153493310e+00
6.082905817563403206e-01 1.164475132504485311e+00
6.129308044347621109e-01 1.148271860716389314e+00
6.175710271131837903e-01 1.148271860716389314e+00
6.222112497916053586e-01 1.130718316279285762e+00
6.268514724700271490e-01 1.121941544060733653e+00
6.314916951484488283e-01 1.128827934570674429e+00
6.361319178268705077e-01 1.092370573047458882e+00
6.407721405052922981e-01 1.114244989961388210e+00
6.454123631837138664e-01 1.096826472789185214e+00
6.500525858621356567e-01 1.089129918689839549e+00
6.546928085405573361e-01 1.090885273133550104e+00
6.593330312189789044e-01 1.077787628438172662e+00
6.639732538974006948e-01 1.052807584431524779e+00
6.686134765758223741e-01 1.059153865881862444e+00
6.732536992542440535e-01 1.048351684689798446e+00
6.778939219326658439e-01 1.034848958199718671e+00
6.825341446110874122e-01 1.033768740080512449e+00
6.871743672895092025e-01 1.008653668808963788e+00
6.918145899679308819e-01 9.963661877029912350e-01
6.964548126463524502e-01 9.944758059943801243e-01
7.010950353247742406e-01 9.954209968486856797e-01
7.057352580031959199e-01 1.003657660007634345e+00
7.103754806816175993e-01 1.001767278299023012e+00
7.150157033600393897e-01 9.751669071135659062e-01
7.196559260384609580e-01 9.838086520672169044e-01
7.242961487168827484e-01 9.719262527559466847e-01
7.289363713953044277e-01 9.748968525837642396e-01
7.335765940737259960e-01 9.354688912327312478e-01
7.382168167521477864e-01 9.396547364446559136e-01
7.428570394305694657e-01 9.252068191002705833e-01
7.474972621089911451e-01 9.256119008949729166e-01
7.521374847874129355e-01 8.999567205638211442e-01
7.567777074658345038e-01 8.909098938154677016e-01
7.614179301442562942e-01 8.949607117624917008e-01
7.660581528226779735e-01 8.861839395439397027e-01
7.706983755010995418e-01 8.813229580075110370e-01
7.753385981795213322e-01 8.674151497227287066e-01
7.799788208579430115e-01 8.475661417823113775e-01
7.846190435363646909e-01 8.452706782789978224e-01
7.892592662147864813e-01 8.383842877690571571e-01
7.938994888932080496e-01 8.451356510140970446e-01
7.985397115716297289e-01 8.031421716299488311e-01
8.031799342500515193e-01 7.980111355637184989e-01
8.078201569284730876e-01 8.036822806895519422e-01
8.124603796068948780e-01 7.939603176166944998e-01
8.171006022853165573e-01 7.966608629147103882e-01
8.217408249637382367e-01 7.575029560934788408e-01
8.263810476421600271e-01 7.832931636895313909e-01
8.310212703205815954e-01 7.699254644643522827e-01
8.356614929990033858e-01 7.341432392656407346e-01
8.403017156774250651e-01 7.340082120007400679e-01
8.449419383558466334e-01 7.515617564378438420e-01
8.495821610342684238e-01 7.198303491861561820e-01
8.542223837126901032e-01 6.949853324444091873e-01
8.588626063911117825e-01 7.001163685106395196e-01
8.635028290695335729e-01 6.941751688550045207e-01
8.681430517479551412e-01 6.876938601397660777e-01
8.727832744263768205e-01 6.745962154443886361e-01
8.774234971047986109e-01 6.725708064708767475e-01
8.820637197832201792e-01 6.450252444311138644e-01
8.867039424616419696e-01 6.493461169079394191e-01
8.913441651400636490e-01 6.442150808417090868e-01
8.959843878184853283e-01 6.321976542655379783e-01
9.006246104969071187e-01 6.085678829078983165e-01
9.052648331753286870e-01 6.049221467555767617e-01
9.099050558537504774e-01 5.953352109476200971e-01
9.145452785321721567e-01 5.808872936032345446e-01
9.191855012105937250e-01 5.764313938615082122e-01
9.238257238890155154e-01 5.822375662522426554e-01
9.284659465674371948e-01 5.819675117224409888e-01
9.331061692458588741e-01 5.718404668548811021e-01
9.377463919242806645e-01 5.511812953250589953e-01
9.423866146027022328e-01 5.275515239674192225e-01
9.470268372811239121e-01 5.248509786694033341e-01
9.516670599595457025e-01 5.364633234508719983e-01
9.563072826379672708e-01 5.118883612389266702e-01
9.609475053163890612e-01 5.141838247422402253e-01
9.655877279948107406e-01 4.909591351793028968e-01
9.702279506732324199e-01 4.866382627024773422e-01
9.748681733516542103e-01 4.865032354375765644e-01
9.795083960300757786e-01 4.821823629607510098e-01
9.841486187084975690e-01 4.725954271527942896e-01
9.887888413869192483e-01 4.681395274110679572e-01
9.934290640653408166e-01 4.511260920335674052e-01
9.980692867437626070e-01 4.532865282719801270e-01
1.002709509422184286e+00 4.412691016958091295e-01
1.007349732100605966e+00 4.350578475103724085e-01
1.011989954779027645e+00 4.243906935832092997e-01
1.016630177457449324e+00 4.057569310268991369e-01
1.021270400135871004e+00 4.091326126494190807e-01
1.025910622814292683e+00 4.010309767553711935e-01
1.030550845492714362e+00 4.030563857288831375e-01
1.035191068171136264e+00 3.880683593248945296e-01
1.039831290849557721e+00 3.751057418944179211e-01
1.044471513527979400e+00 3.609278790798340908e-01
1.049111736206401302e+00 3.715950330069971441e-01
1.053751958884822981e+00 3.575521974573140915e-01
1.058392181563244661e+00 3.634933971129492569e-01
1.063032404241666340e+00 3.467500162652502604e-01
1.067672626920088019e+00 3.429692528480278724e-01
1.072312849598509699e+00 3.231202449076104877e-01
1.076953072276931378e+00 3.302766899473528195e-01
1.081593294955353057e+00 3.242004630268168763e-01
1.086233517633774737e+00 3.252806811460233205e-01
1.090873740312196416e+00 3.012458279936811589e-01
1.095513962990618095e+00 3.136683363645546563e-01
1.100154185669039775e+00 2.854476380002877733e-01
1.104794408347461454e+00 2.954396556029468823e-01
1.109434631025883355e+00 2.884182378281053838e-01
1.114074853704304813e+00 2.745104295433231090e-01
1.118715076382726492e+00 2.704596115962991654e-01
1.123355299061148393e+00 2.681641480929856103e-01
1.127995521739570073e+00 2.543913670731041132e-01
1.132635744417991752e+00 2.442643222055442542e-01
1.137275967096413432e+00 2.500704945962786141e-01
1.141916189774835111e+00 2.396733951989171441e-01
1.146556412453256790e+00 2.368378226360003669e-01
1.151196635131678470e+00 2.323819228942740067e-01
1.155836857810100149e+00 2.279260231525476466e-01
1.160477080488521828e+00 2.341372773379843952e-01
1.165117303166943508e+00 2.191492509339957595e-01
1.169757525845365187e+00 2.146933511922694271e-01
1.174397748523786866e+00 2.171238419604838155e-01
1.179037971202208546e+00 2.026759246160983463e-01
1.183678193880630447e+00 1.932240160730424872e-01
1.188318416559051904e+00 1.910635798346297098e-01
1.192958639237473584e+00 1.922788252187369040e-01
1.197598861915895485e+00 1.849873529140937667e-01
1.202239084594317164e+00 1.789111259935578513e-01
1.206879307272738844e+00 1.737800899273275190e-01
1.211519529951160523e+00 1.733750081326251302e-01
1.216159752629582202e+00 1.760755534306411019e-01
1.220799975308003882e+00 1.645982359140732432e-01
1.225440197986425561e+00 1.608174724968508551e-01
1.230080420664847241e+00 1.573067636094301058e-01
1.234720643343268920e+00 1.581169271988348835e-01
1.239360866021690599e+00 1.442091189140526919e-01
1.244001088700112279e+00 1.465045824173662192e-01
1.248641311378533958e+00 1.439390643842510531e-01
1.253281534056955637e+00 1.397532191723263317e-01
1.257921756735377539e+00 1.339470467815919996e-01
1.262561979413798996e+00 1.344871558411951940e-01
1.267202202092220675e+00 1.324617468676831944e-01
1.271842424770642577e+00 1.298962288345680283e-01
1.276482647449064256e+00 1.200392384968097664e-01
1.281122870127485935e+00 1.135579297815714345e-01
1.285763092805907615e+00 1.181488567881985724e-01
1.290403315484329294e+00 1.086969482451426994e-01
1.295043538162750973e+00 1.127477661921666569e-01
1.299683760841172653e+00 1.058613756822259361e-01
1.304323983519594332e+00 1.105873299537538657e-01
1.308964206198016011e+00 1.024856940597059646e-01
1.313604428876437691e+00 1.007303396159955899e-01
1.318244651554859370e+00 1.050512120928211446e-01
1.322884874233281050e+00 9.060329474843571707e-02
1.327525096911702729e+00 8.925302209942773124e-02
1.332165319590124630e+00 8.641744953651096794e-02
1.336805542268546088e+00 8.587734047690775974e-02
1.341445764946967767e+00 7.642543193385188671e-02
1.346085987625389668e+00 8.169149526498301062e-02
1.350726210303811348e+00 7.440002296033990103e-02
1.355366432982233027e+00 7.723559552325666433e-02
1.360006655660654706e+00 6.886390509940716609e-02
1.364646878339076386e+00 7.237461398682792924e-02
1.369287101017498065e+00 7.088931407291915177e-02
1.373927323695919744e+00 6.521816894708562518e-02
1.378567546374341424e+00 6.400292356297843099e-02
1.383207769052763103e+00 6.940401415901037430e-02
1.387847991731184782e+00 6.224756911926804942e-02
1.392488214409606462e+00 5.968205108615288329e-02
1.397128437088028141e+00 5.833177843714489746e-02
1.401768659766449820e+00 5.833177843714489746e-02
1.406408882444871722e+00 5.347079690071615543e-02
1.411049105123293179e+00 5.549620587422813417e-02
1.415689327801714859e+00 5.023014254309699639e-02
1.420329550480136760e+00 4.833976083448581623e-02
1.424969773158558439e+00 4.860981536428741340e-02
1.429609995836980119e+00 4.482905194706506002e-02
1.434250218515401798e+00 4.401888835766027547e-02
1.438890441193823477e+00 4.428894288746186569e-02
1.443530663872245157e+00 4.401888835766027547e-02
1.448170886550666836e+00 4.536916100666825435e-02
1.452811109229088515e+00 3.740255237752114492e-02
1.457451331907509973e+00 3.254157084109240983e-02
1.462091554585932096e+00 3.726752511262035328e-02
1.466731777264353775e+00 3.807768870202513783e-02
1.471371999942775233e+00 3.848277049672754052e-02
1.476012222621197356e+00 3.780763417222354761e-02
1.480652445299618813e+00 3.402687075500119424e-02
1.485292667978040271e+00 2.984102554307644165e-02
1.489932890656462394e+00 3.186643451658842385e-02
1.494573113334883852e+00 2.943594374837404590e-02
1.499213336013305309e+00 2.673539845035807772e-02
1.503853558691727432e+00 2.943594374837404590e-02
1.508493781370148890e+00 2.862578015896925787e-02
1.513134004048570347e+00 2.754556203976286921e-02
1.517774226726992470e+00 2.389982588744131095e-02
1.522414449405413928e+00 2.457496221194530386e-02
1.527054672083835385e+00 2.525009853644929678e-02
1.531694894762257508e+00 2.025408973511975616e-02
1.536335117440678966e+00 2.349474409273891867e-02
1.540975340119100423e+00 2.254955323843332859e-02
1.545615562797522546e+00 1.890381708611177380e-02
1.550255785475944004e+00 1.822868076160778089e-02
1.554896008154365461e+00 2.065917152982215191e-02
1.559536230832787584e+00 1.998403520531815900e-02
1.564176453511209042e+00 1.606824452319500704e-02
1.568816676189630499e+00 1.606824452319500704e-02
1.573456898868052622e+00 1.795862623180618373e-02
1.578097121546474080e+00 1.363775375498063602e-02
1.582737344224895537e+00 1.282759016557584626e-02
1.587377566903317661e+00 1.323267196027824201e-02
1.592017789581739118e+00 1.377278101988143461e-02
1.596658012260160575e+00 1.336769922517903886e-02
1.601298234938582699e+00 1.147731751656786217e-02
1.605938457617004156e+00 1.174737204636945934e-02
1.610578680295426279e+00 1.053212666226227383e-02
1.615218902973847959e+00 1.080218119206387099e-02
1.619859125652269416e+00 1.242250837087345051e-02
1.624499348330691539e+00 1.080218119206387099e-02
1.629139571009112997e+00 1.080218119206387099e-02
1.633779793687534454e+00 9.586935807956685485e-03
1.638420016365956577e+00 8.101635894047902811e-03
1.643060239044378035e+00 1.053212666226227383e-02
1.647700461722799492e+00 9.181854013254289737e-03
1.652340684401221615e+00 7.966608629147105963e-03
1.656980907079643073e+00 5.536117860932733212e-03
1.661621129758064530e+00 5.806172390734330377e-03
1.666261352436486654e+00 6.346281450337523840e-03
1.670901575114908111e+00 8.506717688750298559e-03
1.675541797793329568e+00 7.291472304643112183e-03
1.680182020471751692e+00 5.671145125833531794e-03
1.684822243150173149e+00 5.806172390734330377e-03
1.689462465828594606e+00 7.696554099345507931e-03
1.694102688507016730e+00 5.536117860932733212e-03
1.698742911185438187e+00 4.725954271527943451e-03
1.703383133863859644e+00 5.266063331131136914e-03
1.708023356542281768e+00 4.455899741726346286e-03
1.712663579220703225e+00 4.996008801329539749e-03
1.717303801899124682e+00 3.375681622519959360e-03
1.721944024577546806e+00 4.320872476825547703e-03
1.726584247255968263e+00 4.050817947023951406e-03
1.731224469934389720e+00 3.915790682123152823e-03
1.735864692612811844e+00 3.510708887420757943e-03
1.740504915291233301e+00 2.430490768214371017e-03
1.745145137969654758e+00 3.510708887420757943e-03
1.749785360648076882e+00 3.780763417222354240e-03
1.754425583326498339e+00 2.430490768214371017e-03
1.759065806004920463e+00 3.240654357619161211e-03
1.763706028683341920e+00 3.645736152321556092e-03
1.768346251361763599e+00 2.025408973511975703e-03
1.772986474040185723e+00 2.430490768214371017e-03
1.777626696718607180e+00 2.700545298015967748e-03
1.782266919397028637e+00 3.105627092718362629e-03
1.786907142075450761e+00 1.080218119206386926e-03
1.791547364753872218e+00 2.295463503313572434e-03
1.796187587432293675e+00 2.295463503313572434e-03
1.800827810110715799e+00 1.080218119206386926e-03
1.805468032789137256e+00 1.350272649007983874e-03
1.810108255467558713e+00 2.295463503313572434e-03
1.814748478145980837e+00 1.890381708611177120e-03
1.819388700824402294e+00 1.215245384107185508e-03
1.824028923502823751e+00 6.751363245039919371e-04
1.828669146181245875e+00 1.755354443710378971e-03
1.833309368859667332e+00 1.215245384107185508e-03
1.837949591538088789e+00 9.451908543055885601e-04
1.842589814216510913e+00 1.080218119206386926e-03
1.847230036894932370e+00 1.215245384107185508e-03
1.851870259573353827e+00 1.485299913908782240e-03
1.856510482251775951e+00 1.485299913908782240e-03
1.861150704930197408e+00 8.101635894047903028e-04
1.865790927608618865e+00 9.451908543055885601e-04
1.870431150287040989e+00 8.101635894047903028e-04
1.875071372965462446e+00 1.215245384107185508e-03
1.879711595643883904e+00 9.451908543055885601e-04
1.884351818322306027e+00 2.700545298015967315e-04
1.888992041000727484e+00 8.101635894047903028e-04
1.893632263679148942e+00 5.401090596031934629e-04
1.898272486357571065e+00 4.050817947023951514e-04
1.902912709035992522e+00 5.401090596031934629e-04
1.907552931714414646e+00 8.101635894047903028e-04
1.912193154392836103e+00 4.050817947023951514e-04
1.916833377071257782e+00 2.700545298015967315e-04
1.921473599749679906e+00 4.050817947023951514e-04
1.926113822428101363e+00 5.401090596031934629e-04
1.930754045106522820e+00 6.751363245039919371e-04
1.935394267784944944e+00 8.101635894047903028e-04
1.940034490463366401e+00 4.050817947023951514e-04
1.944674713141787858e+00 5.401090596031934629e-04
1.949314935820209982e+00 1.350272649007983657e-04
1.953955158498631439e+00 2.700545298015967315e-04
1.958595381177052897e+00 2.700545298015967315e-04
1.963235603855475020e+00 1.350272649007983657e-04
1.967875826533896477e+00 1.350272649007983657e-04
1.972516049212317935e+00 1.350272649007983657e-04
1.977156271890740058e+00 1.350272649007983657e-04
1.981796494569161515e+00 1.350272649007983657e-04
1.986436717247582973e+00 2.700545298015967315e-04
1.991076939926005096e+00 1.350272649007983657e-04
1.995717162604426553e+00 1.350272649007983657e-04
2.000357385282848011e+00 1.350272649007983657e-04
2.004997607961270134e+00 2.700545298015967315e-04
2.009637830639691813e+00 0.000000000000000000e+00
2.014278053318113049e+00 1.350272649007983657e-04
2.018918275996535172e+00 1.350272649007983657e-04
2.023558498674956851e+00 0.000000000000000000e+00
2.028198721353378087e+00 5.401090596031934629e-04
2.032838944031800210e+00 2.700545298015967315e-04
2.037479166710221890e+00 2.700545298015967315e-04
2.042119389388643125e+00 0.000000000000000000e+00
2.046759612067065248e+00 1.350272649007983657e-04
2.051399834745486928e+00 0.000000000000000000e+00
2.056040057423909051e+00 1.350272649007983657e-04
2.060680280102330286e+00 0.000000000000000000e+00
2.065320502780751966e+00 0.000000000000000000e+00
2.069960725459174089e+00 1.350272649007983657e-04
2.074600948137595324e+00 2.700545298015967315e-04
2.079241170816017004e+00 0.000000000000000000e+00
2.083881393494439127e+00 0.000000000000000000e+00
2.088521616172860362e+00 1.350272649007983657e-04
2.093161838851282042e+00 1.350272649007983657e-04
2.097802061529704165e+00 1.350272649007983657e-04
2.102442284208125400e+00 0.000000000000000000e+00
2.107082506886547080e+00 0.000000000000000000e+00
2.111722729564969203e+00 0.000000000000000000e+00
2.116362952243390438e+00 0.000000000000000000e+00
2.121003174921812118e+00 0.000000000000000000e+00
2.125643397600234241e+00 0.000000000000000000e+00
2.130283620278655476e+00 0.000000000000000000e+00
2.134923842957077156e+00 0.000000000000000000e+00
2.139564065635499279e+00 1.350272649007983657e-04
2.144204288313920959e+00 1.350272649007983657e-04
2.148844510992342194e+00 0.000000000000000000e+00
2.153484733670764317e+00 0.000000000000000000e+00
2.158124956349185997e+00 1.350272649007983657e-04
2.162765179027607232e+00 0.000000000000000000e+00
2.167405401706029355e+00 0.000000000000000000e+00
2.172045624384451035e+00 0.000000000000000000e+00
2.176685847062872270e+00 0.000000000000000000e+00
2.181326069741294393e+00 0.000000000000000000e+00
2.185966292419716073e+00 0.000000000000000000e+00
2.190606515098137308e+00 0.000000000000000000e+00
2.195246737776559431e+00 0.000000000000000000e+00
2.199886960454981111e+00 0.000000000000000000e+00
2.204527183133403234e+00 0.000000000000000000e+00
2.209167405811824469e+00 0.000000000000000000e+00
2.213807628490246149e+00 0.000000000000000000e+00
2.218447851168668272e+00 0.000000000000000000e+00
2.223088073847089507e+00 0.000000000000000000e+00
2.227728296525511187e+00 0.000000000000000000e+00
2.232368519203933310e+00 0.000000000000000000e+00
2.237008741882354546e+00 0.000000000000000000e+00
2.241648964560776669e+00 1.350272649007983657e-04
