6.914141230826260399e-03 2.224438174869212276e-02
1.360524216399722729e-02 6.426936878656934471e-02
2.029634309716819157e-02 1.022115262629777477e-01
2.698744403033915759e-02 1.519798107450199276e-01
3.367854496351012361e-02 1.944975530747985459e-01
4.036964589668109310e-02 2.203320090930580843e-01
4.706074682985205565e-02 2.673549426630781323e-01
5.375184776302301820e-02 2.948788453964282241e-01
6.044294869619398769e-02 3.393676088938124558e-01
6.713404962936496412e-02 3.724526070643355280e-01
7.382515056253592667e-02 4.101131900882288850e-01
8.051625149570688922e-02 4.515750282210758693e-01
8.720735242887785177e-02 4.804364096038726273e-01
9.389845336204881432e-02 5.112688121542749986e-01
1.005895542952197769e-01 5.398486190845567245e-01
1.072806552283907394e-01 5.667389792997478137e-01
1.139717561615617158e-01 6.036252325792246243e-01
1.206628570947326784e-01 6.408634539243452943e-01
1.273539580279036409e-01 6.611368145054318246e-01
1.340450589610746313e-01 6.878863874943653700e-01
1.407361598942455660e-01 7.276587789121218286e-01
1.474272608274165564e-01 7.435677354792243898e-01
1.541183617605874911e-01 7.689094362055826082e-01
1.608094626937584815e-01 8.083298595576952073e-01
1.675005636269294162e-01 8.119903274403913462e-01
1.741916645601004066e-01 8.408517088231881598e-01
1.808827654932713691e-01 8.833694511529667226e-01
1.875738664264423317e-01 9.004047055301297453e-01
1.942649673596132942e-01 9.189886193961256389e-01
2.009560682927842568e-01 9.512992878222322757e-01
2.076471692259552193e-01 9.689680847175541345e-01
2.143382701591262096e-01 9.716430420164474668e-01
2.210293710922971722e-01 9.984630086185097841e-01
2.277204720254681347e-01 1.015287082156286491e+00
2.344115729586390973e-01 1.019158730878368946e+00
2.411026738918100598e-01 1.064281036893912180e+00
2.477937748249810224e-01 1.062028441273791479e+00
2.544848757581519849e-01 1.082935344373036735e+00
2.611759766913229752e-01 1.094902258604928180e+00
2.678670776244939655e-01 1.127846469549193875e+00
2.745581785576648448e-01 1.146571170641447202e+00
2.812492794908358351e-01 1.133548352212624177e+00
2.879403804240068254e-01 1.159242021004626366e+00
2.946314813571778157e-01 1.168674765163881801e+00
3.013225822903487505e-01 1.181838370818962369e+00
3.080136832235196853e-01 1.177755541257493599e+00
3.147047841566906756e-01 1.203660390888881659e+00
3.213958850898616659e-01 1.219358166616598016e+00
3.280869860230326562e-01 1.222173911141749114e+00
3.347780869562035910e-01 1.234985548731185601e+00
3.414691878893745258e-01 1.241954516430934019e+00
3.481602888225455161e-01 1.247797186320622087e+00
3.548513897557165064e-01 1.256807568801104891e+00
3.615424906888874412e-01 1.258285834676809323e+00
3.682335916220583760e-01 1.266381100186618314e+00
3.749246925552293663e-01 1.281797301461819361e+00
3.816157934884003566e-01 1.277644078287221818e+00
3.883068944215712914e-01 1.283134780111266027e+00
3.949979953547422817e-01 1.295383268795672338e+00
4.016890962879132165e-01 1.280248641972986379e+00
4.083801972210842068e-01 1.296157598540088829e+00
4.150712981542551416e-01 1.283064386498137255e+00
4.217623990874261319e-01 1.261171972815088971e+00
4.284535000205971222e-01 1.283768322629424974e+00
4.351446009537680570e-01 1.291933981752362515e+00
4.418357018869390473e-01 1.299043736678368699e+00
4.485268028201099821e-01 1.294116183759354666e+00
4.552179037532809724e-01 1.293623428467453040e+00
4.619090046864519628e-01 1.282782812045622167e+00
4.686001056196228975e-01 1.282149269527463220e+00
4.752912065527938323e-01 1.275813844345873527e+00
4.819823074859648226e-01 1.299325311130883787e+00
4.886734084191358130e-01 1.296368779379475367e+00
4.953645093523068033e-01 1.271167865879374803e+00
5.020556102854777381e-01 1.263142993982694584e+00
5.087467112186486728e-01 1.264762047084656338e+00
5.154378121518196076e-01 1.252724739239636342e+00
5.221289130849906535e-01 1.262368664238278093e+00
5.288200140181615883e-01 1.250331356393257876e+00
5.355111149513326341e-01 1.242658452562221960e+00
5.422022158845035689e-01 1.249416239422584063e+00
5.488933168176743926e-01 1.231747442527262093e+00
5.555844177508454385e-01 1.225834379024445253e+00
5.622755186840163732e-01 1.222948240886165383e+00
5.689666196171874191e-01 1.210558964975501528e+00
5.756577205503583539e-01 1.206757709866547623e+00
5.823488214835292887e-01 1.189370487423740963e+00
5.890399224167003345e-01 1.181979158045219913e+00
5.957310233498712693e-01 1.178811445454424955e+00
6.024221242830422041e-01 1.171772084141547765e+00
6.091132252162131389e-01 1.160720286880330576e+00
6.158043261493840737e-01 1.153117776662422989e+00
6.224954270825551195e-01 1.144881723926356676e+00
6.291865280157260543e-01 1.130803001300602295e+00
6.358776289488971001e-01 1.121722225206990498e+00
6.425687298820680349e-01 1.106517204771175766e+00
6.492598308152389697e-01 1.088566833423338709e+00
6.559509317484100155e-01 1.082442589081135553e+00
6.626420326815808393e-01 1.090326673751558006e+00
6.693331336147518851e-01 1.054073962990240032e+00
6.760242345479228199e-01 1.035701229963630343e+00
6.827153354810937547e-01 1.039643272298841570e+00
6.894064364142648005e-01 1.002686625406236098e+00
6.960975373474357353e-01 1.012260156791749299e+00
7.027886382806067811e-01 1.013245667375552106e+00
7.094797392137777159e-01 9.848066476715280348e-01
7.161708401469485397e-01 9.904381367218297871e-01
7.228619410801195855e-01 9.593241597189122727e-01
7.295530420132905203e-01 9.396843416559848006e-01
7.362441429464614551e-01 9.357422993207735740e-01
7.429352438796325009e-01 9.237753850888821283e-01
7.496263448128034357e-01 9.110341411125744138e-01
7.563174457459744815e-01 9.124420133751498518e-01
7.630085466791454163e-01 8.897048763345561939e-01
7.696996476123163511e-01 8.738663133805824046e-01
7.763907485454872859e-01 8.689387604615683713e-01
7.830818494786582207e-01 8.531705911207233539e-01
7.897729504118292665e-01 8.502844529824435948e-01
7.964640513450002013e-01 8.264210181317896975e-01
8.031551522781711361e-01 8.098081254333993062e-01
8.098462532113421819e-01 8.135389869292243281e-01
8.165373541445131167e-01 7.853111480645865727e-01
8.232284550776841625e-01 7.696133723368703272e-01
8.299195560108549863e-01 7.631371599290233121e-01
8.366106569440259211e-01 7.486360756244960779e-01
8.433017578771969669e-01 7.370211294582486028e-01
8.499928588103679017e-01 7.095676203380272273e-01
8.566839597435389475e-01 7.126649393156933021e-01
8.633750606767098823e-01 6.940810254496972975e-01
8.700661616098808171e-01 6.811286006340032673e-01
8.767572625430518629e-01 6.667683035557335769e-01
8.834483634762227977e-01 6.501554108573432966e-01
8.901394644093937325e-01 6.454390387777154681e-01
8.968305653425646673e-01 6.332609437064378177e-01
9.035216662757356021e-01 6.181967104968805193e-01
9.102127672089066479e-01 5.973602010107638138e-01
9.169038681420775827e-01 6.004575199884297776e-01
9.235949690752486285e-01 5.753973937145867579e-01
9.302860700084195633e-01 5.697659046642850056e-01
9.369771709415904981e-01 5.576582032061361272e-01
9.436682718747614329e-01 5.422420019309349692e-01
9.503593728079323677e-01 5.213350988316894918e-01
9.570504737411034135e-01 5.090866101472830696e-01
9.637415746742743483e-01 5.058485039433595620e-01
9.704326756074452831e-01 5.044406316807840129e-01
9.771237765406163289e-01 4.880389198217800484e-01
9.838148774737872637e-01 4.656537508468304165e-01
9.905059784069583095e-01 4.591775384389833459e-01
9.971970793401292443e-01 4.537572302280678538e-01
1.003888180273300179e+00 4.441836988425548194e-01
1.010579281206471114e+00 4.339062313257539549e-01
1.017270382139642049e+00 4.179268811455226218e-01
1.023961483072812984e+00 4.110283070589029197e-01
1.030652584005983918e+00 3.975831269513073751e-01
1.037343684939155075e+00 3.851938510406433536e-01
1.044034785872326010e+00 3.754795324288727754e-01
1.050725886805496945e+00 3.654132457514582821e-01
1.057416987738667880e+00 3.577403419204221446e-01
1.064108088671838814e+00 3.445063426522128602e-01
1.070799189605009971e+00 3.419017789664482998e-01
1.077490290538180684e+00 3.326098220334502975e-01
1.084181391471351841e+00 3.184607057945669784e-01
1.090872492404522776e+00 3.095911105403416630e-01
1.097563593337693488e+00 3.019182067093054700e-01
1.104254694270864645e+00 3.005807280598588038e-01
1.110945795204035580e+00 2.803777610919010455e-01
1.117636896137206737e+00 2.714377722245469027e-01
1.124327997070377450e+00 2.688332085387823422e-01
1.131019098003548606e+00 2.615826663865187807e-01
1.137710198936719541e+00 2.539097625554825877e-01
1.144401299869890254e+00 2.493341777021123584e-01
1.151092400803061411e+00 2.381415932146375425e-01
1.157783501736232346e+00 2.264562534352612677e-01
1.164474602669403280e+00 2.177978390204222681e-01
1.171165703602574215e+00 2.136446158458246980e-01
1.177856804535745372e+00 2.092098182187120126e-01
1.184547905468916085e+00 2.013257335482894761e-01
1.191239006402087242e+00 1.897107873820420287e-01
1.197930107335258176e+00 1.967501486949192746e-01
1.204621208268429111e+00 1.883029151194665629e-01
1.211312309201600046e+00 1.726051393917502896e-01
1.218003410134770981e+00 1.678183736989937447e-01
1.224694511067942138e+00 1.707749054504022201e-01
1.231385612001112850e+00 1.600750762548287798e-01
1.238076712934284007e+00 1.535284702338529372e-01
1.244767813867454942e+00 1.471930450522634104e-01
1.251458914800625877e+00 1.465595025341044633e-01
1.258150015733796812e+00 1.376195136667503482e-01
1.264841116666967746e+00 1.270604716974344517e-01
1.271532217600138903e+00 1.245966952379274073e-01
1.278223318533309616e+00 1.248782696904424949e-01
1.284914419466480773e+00 1.133337171373238056e-01
1.291605520399651708e+00 1.157270999837020781e-01
1.298296621332822642e+00 1.105179726121729017e-01
1.304987722265993577e+00 1.065759302769616473e-01
1.311678823199164734e+00 1.008036540004022819e-01
1.318369924132335447e+00 9.313075016936608885e-02
1.325061025065506382e+00 9.094854816237413209e-02
1.331752125998677538e+00 9.052618648360150067e-02
1.338443226931848473e+00 8.468351659391337716e-02
1.345134327865019408e+00 8.144541038998984184e-02
1.351825428798190343e+00 8.102304871121721042e-02
1.358516529731361500e+00 7.644746385784698117e-02
1.365207630664532212e+00 7.799612334667999081e-02
1.371898731597703147e+00 7.349093210643854734e-02
1.378589832530874304e+00 6.680353885920514712e-02
1.385280933464045017e+00 6.046811367761562028e-02
1.391972034397216174e+00 5.723000747369208496e-02
1.398663135330387108e+00 5.687803940804821851e-02
1.405354236263558265e+00 5.441426294854118106e-02
1.412045337196728978e+00 5.737079469994962877e-02
1.418736438129900135e+00 5.216166732842045933e-02
1.425427539063071070e+00 4.843080583259551375e-02
1.432118639996241782e+00 4.519269962867197843e-02
1.438809740929412939e+00 4.603742298621724821e-02
1.445500841862583874e+00 4.392561459235407029e-02
1.452191942795754809e+00 4.329207207419511622e-02
1.458883043728925744e+00 3.963160419149894254e-02
1.465574144662096900e+00 3.519680656438627792e-02
1.472265245595267613e+00 3.611192353506031266e-02
1.478956346528438770e+00 3.343696623616695951e-02
1.485647447461609705e+00 3.111397700291746587e-02
1.492338548394780640e+00 2.928374306156937903e-02
1.499029649327951574e+00 2.956531751408447359e-02
1.505720750261122509e+00 2.703114744144865730e-02
1.512411851194293666e+00 2.527130711322934237e-02
1.519102952127464379e+00 2.555288156574443692e-02
1.525794053060635536e+00 2.477855182132793904e-02
1.532485153993806470e+00 2.266674342746476112e-02
1.539176254926977627e+00 2.175162645679071596e-02
1.545867355860148340e+00 2.062532864673035857e-02
1.552558456793319275e+00 2.090690309924544618e-02
1.559249557726490432e+00 1.689446715090540951e-02
1.565940658659661144e+00 1.773919050845068277e-02
1.572631759592832301e+00 1.513462682268609805e-02
1.579322860526003236e+00 1.583856295397382402e-02
1.586013961459174171e+00 1.506423320955732614e-02
1.592705062392345106e+00 1.604974379336014320e-02
1.599396163325516040e+00 1.253006313692151333e-02
1.606087264258686975e+00 1.161494616624746991e-02
1.612778365191857910e+00 1.140376532686115246e-02
1.619469466125029067e+00 1.069982919557342822e-02
1.626160567058200002e+00 8.939988867354113286e-03
1.632851667991370936e+00 1.013668029054324779e-02
1.639542768924541871e+00 9.432744159255521815e-03
1.646233869857713028e+00 7.250542152263572855e-03
1.652924970790883741e+00 7.954478283551297962e-03
1.659616071724054676e+00 6.124244342203211990e-03
1.666307172657225832e+00 7.743297444164980517e-03
1.672998273590396545e+00 7.461722991649890301e-03
1.679689374523567702e+00 6.616999634104619651e-03
1.686380475456738637e+00 6.194637955331984761e-03
1.693071576389909794e+00 6.265031568460756664e-03
1.699762677323080506e+00 5.349914597786714111e-03
1.706453778256251663e+00 5.701882663430576231e-03
1.713144879189422598e+00 4.294010400855126017e-03
1.719835980122593311e+00 4.223616787726352378e-03
1.726527081055764468e+00 4.434797627112670691e-03
1.733218181988935402e+00 3.519680656438627271e-03
1.739909282922106337e+00 2.534170072635811947e-03
1.746600383855277272e+00 3.167712590794764718e-03
1.753291484788448429e+00 4.153223174597580475e-03
1.759982585721619364e+00 1.830233941348086190e-03
1.766673686654790298e+00 2.534170072635811947e-03
1.773364787587961233e+00 2.463776459507039177e-03
1.780055888521132168e+00 1.900627554476858744e-03
1.786746989454303103e+00 1.830233941348086190e-03
1.793438090387474038e+00 2.604563685764584285e-03
1.800129191320645194e+00 2.041414780734403852e-03
1.806820292253815907e+00 1.548659488832996190e-03
1.813511393186987064e+00 1.267085036317905974e-03
1.820202494120157999e+00 2.111808393863176189e-03
1.826893595053329156e+00 1.267085036317905974e-03
1.833584695986499868e+00 1.337478649446678528e-03
1.840275796919670803e+00 1.337478649446678528e-03
1.846966897852841960e+00 1.267085036317905974e-03
1.853657998786012673e+00 9.151169706740430948e-04
1.860349099719183830e+00 1.267085036317905974e-03
1.867040200652354764e+00 9.151169706740430948e-04
1.873731301585525699e+00 1.055904196931588095e-03
1.880422402518696634e+00 7.743297444164980951e-04
1.887113503451867569e+00 1.478265875704223636e-03
1.893804604385038504e+00 6.335425181589529869e-04
1.900495705318209438e+00 6.335425181589529869e-04
1.907186806251380595e+00 4.223616787726352704e-04
1.913877907184551530e+00 5.631489050301803244e-04
1.920569008117722465e+00 4.223616787726352704e-04
1.927260109050893400e+00 3.519680656438627705e-04
1.933951209984064556e+00 2.815744525150901622e-04
1.940642310917235269e+00 1.407872262575450811e-04
1.947333411850406204e+00 1.407872262575450811e-04
1.954024512783577361e+00 4.223616787726352704e-04
1.960715613716748074e+00 3.519680656438627705e-04
1.967406714649919230e+00 1.407872262575450811e-04
1.974097815583090165e+00 3.519680656438627705e-04
1.980788916516261322e+00 1.407872262575450811e-04
1.987480017449432035e+00 1.407872262575450811e-04
1.994171118382603192e+00 7.039361312877254054e-05
2.000862219315774126e+00 1.407872262575450811e-04
2.007553320248944839e+00 0.000000000000000000e+00
2.014244421182115996e+00 0.000000000000000000e+00
2.020935522115286709e+00 1.407872262575450811e-04
2.027626623048457866e+00 4.223616787726352704e-04
2.034317723981629022e+00 1.407872262575450811e-04
2.041008824914799735e+00 1.407872262575450811e-04
2.047699925847970892e+00 7.039361312877254054e-05
2.054391026781142049e+00 2.111808393863176352e-04
2.061082127714312762e+00 1.407872262575450811e-04
2.067773228647483474e+00 7.039361312877254054e-05
2.074464329580654631e+00 7.039361312877254054e-05
2.081155430513825344e+00 1.407872262575450811e-04
2.087846531446996501e+00 1.407872262575450811e-04
2.094537632380167658e+00 7.039361312877254054e-05
2.101228733313338815e+00 0.000000000000000000e+00
2.107919834246509527e+00 0.000000000000000000e+00
2.114610935179680240e+00 0.000000000000000000e+00
2.121302036112851397e+00 1.407872262575450811e-04
2.127993137046022110e+00 7.039361312877254054e-05
2.134684237979192822e+00 7.039361312877254054e-05
2.141375338912364867e+00 7.039361312877254054e-05
2.148066439845535580e+00 0.000000000000000000e+00
2.154757540778706293e+00 7.039361312877254054e-05
2.161448641711877450e+00 0.000000000000000000e+00
2.168139742645048162e+00 0.000000000000000000e+00
2.174830843578218875e+00 7.039361312877254054e-05
2.181521944511390032e+00 0.000000000000000000e+00
2.188213045444560745e+00 0.000000000000000000e+00
2.194904146377731458e+00 0.000000000000000000e+00
2.201595247310903503e+00 0.000000000000000000e+00
2.208286348244074215e+00 0.000000000000000000e+00
2.214977449177244928e+00 0.000000000000000000e+00
2.221668550110416085e+00 0.000000000000000000e+00
2.228359651043586798e+00 0.000000000000000000e+00
2.235050751976757955e+00 0.000000000000000000e+00
2.241741852909928667e+00 7.039361312877254054e-05
2.248432953843099380e+00 7.039361312877254054e-05
