5.967831550281159012e-03 1.892023844122351153e-02
1.180012851692179530e-02 5.245658525173343273e-02
1.763242548356242986e-02 9.388383719412804473e-02
2.346472245020306269e-02 1.248197720861759785e-01
2.929701941684369551e-02 1.652606608870849925e-01
3.512931638348432833e-02 2.010387421100621741e-01
4.096161335012496463e-02 2.260564981531965612e-01
4.679391031676560092e-02 2.676630888485885262e-01
5.262620728340623028e-02 2.950122486806888711e-01
5.845850425004687351e-02 3.185952946998442670e-01
6.429080121668750980e-02 3.567047797117873786e-01
7.012309818332813915e-02 3.963386441242081615e-01
7.595539514996876851e-02 4.209080532848490930e-01
8.178769211660941174e-02 4.534580369538734890e-01
8.761998908325004110e-02 4.816142211744620094e-01
9.345228604989067045e-02 5.152402373614706210e-01
9.928458301653131368e-02 5.517356735964372705e-01
1.051168799831719430e-01 5.730769852031254441e-01
1.109491769498125863e-01 5.925352399033411155e-01
1.167814739164532295e-01 6.241885298073786004e-01
1.226137708830938589e-01 6.496546327330063875e-01
1.284460678497345021e-01 6.685748711742298678e-01
1.342783648163751453e-01 7.039942748912123571e-01
1.401106617830157608e-01 7.152926163300472595e-01
1.459429587496564040e-01 7.536711094714863002e-01
1.517752557162970473e-01 7.659558140518067937e-01
1.576075526829376627e-01 7.806615917975919805e-01
1.634398496495783060e-01 8.155429792555822788e-01
1.692721466162189492e-01 8.464789141476301015e-01
1.751044435828595647e-01 8.556251905504964617e-01
1.809367405495002079e-01 8.702412989197828574e-01
1.867690375161408511e-01 8.975904587518832578e-01
1.926013344827814666e-01 9.262846592314638583e-01
1.984336314494221098e-01 9.207251578885451426e-01
2.042659284160627531e-01 9.537234884400629387e-01
2.100982253827033686e-01 9.751544694232497923e-01
2.159305223493440118e-01 9.927296672169929614e-01
2.217628193159846550e-01 1.002503629255350193e+00
2.275951162826252705e-01 1.013353623811691584e+00
2.334274132492659137e-01 1.045365591221723900e+00
2.392597102159065292e-01 1.058995336449524372e+00
2.450920071825471447e-01 1.080874664315204736e+00
2.509243041491877602e-01 1.075135824219288549e+00
2.567566011158284311e-01 1.073521775442312087e+00
2.625888980824691021e-01 1.102215975921892799e+00
2.684211950491097176e-01 1.123646956905079763e+00
2.742534920157503331e-01 1.126426707576539066e+00
2.800857889823909486e-01 1.132075878295956572e+00
2.859180859490315640e-01 1.157452311845085680e+00
2.917503829156722350e-01 1.175206848391826320e+00
2.975826798823129060e-01 1.186505189830661333e+00
3.034149768489535215e-01 1.180676680358246466e+00
3.092472738155941370e-01 1.194037417456551120e+00
3.150795707822347524e-01 1.201569645082441129e+00
3.209118677488753679e-01 1.225780376737087396e+00
3.267441647155160944e-01 1.217889471605202667e+00
3.325764616821567099e-01 1.231070869950509961e+00
3.384087586487973254e-01 1.225242360478095094e+00
3.442410556154379409e-01 1.239589460717885672e+00
3.500733525820785563e-01 1.273394815657891366e+00
3.559056495487191718e-01 1.252412181557198023e+00
3.617379465153598983e-01 1.257343997264625868e+00
3.675702434820005138e-01 1.273125807528395326e+00
3.734025404486411293e-01 1.282451422684258935e+00
3.792348374152817447e-01 1.288190262780175122e+00
3.850671343819223602e-01 1.278505970118316792e+00
3.908994313485630312e-01 1.292942739734605828e+00
3.967317283152037022e-01 1.274201840046379486e+00
4.025640252818443177e-01 1.284782826473225059e+00
4.083963222484849331e-01 1.287114230262190961e+00
4.142286192151255486e-01 1.291239021581130686e+00
4.200609161817661641e-01 1.266938620549985739e+00
4.258932131484068351e-01 1.284244810214232757e+00
4.317255101150475061e-01 1.295632821029566450e+00
4.375578070816881215e-01 1.297426208559540273e+00
4.433901040483287370e-01 1.292584062228610886e+00
4.492224010149693525e-01 1.280658035154285335e+00
4.550546979816099680e-01 1.282092745178264215e+00
4.608869949482506390e-01 1.280389027024789073e+00
4.667192919148913099e-01 1.273125807528395326e+00
4.725515888815318699e-01 1.262365482348552614e+00
4.783838858481725409e-01 1.276622913211844290e+00
4.842161828148132119e-01 1.272856799398899286e+00
4.900484797814537719e-01 1.275726219446857268e+00
4.958807767480944984e-01 1.240037807600379072e+00
5.017130737147350583e-01 1.281734067672269495e+00
5.075453706813757293e-01 1.252053504051203303e+00
5.133776676480164003e-01 1.286576214003198659e+00
5.192099646146569603e-01 1.255909287240646766e+00
5.250422615812976312e-01 1.238334089446903929e+00
5.308745585479381912e-01 1.239410121964888090e+00
5.367068555145788622e-01 1.244431607048814836e+00
5.425391524812195332e-01 1.240755162612368512e+00
5.483714494478602042e-01 1.229277482420536138e+00
5.542037464145008752e-01 1.227484094890562538e+00
5.600360433811414351e-01 1.217172116593213227e+00
5.658683403477821061e-01 1.205335758895386133e+00
5.717006373144226661e-01 1.196906837504509324e+00
5.775329342810633371e-01 1.192244029926577298e+00
5.833652312477040081e-01 1.184980810430183551e+00
5.891975282143445680e-01 1.194396094962545840e+00
5.950298251809852390e-01 1.179152300957768684e+00
6.008621221476257990e-01 1.192692376809070920e+00
6.066944191142664700e-01 1.152430826761159155e+00
6.125267160809071409e-01 1.145257276641263866e+00
6.183590130475478119e-01 1.127682078847520808e+00
6.241913100141884829e-01 1.132165547672455252e+00
6.300236069808290429e-01 1.131627531413463172e+00
6.358559039474697139e-01 1.131986208919457892e+00
6.416882009141102738e-01 1.103112669686879821e+00
6.475204978807509448e-01 1.094235401413509612e+00
6.533527948473916158e-01 1.101498620909903359e+00
6.591850918140321758e-01 1.080964333691703416e+00
6.650173887806728468e-01 1.055856908272070571e+00
6.708496857473134067e-01 1.043572203691750078e+00
6.766819827139540777e-01 1.044468897456736878e+00
6.825142796805948597e-01 1.036039976065860069e+00
6.883465766472354197e-01 1.050835423188143825e+00
6.941788736138760907e-01 1.017119737624636588e+00
7.000111705805166507e-01 1.005373049303308175e+00
7.058434675471573216e-01 9.955990872649510548e-01
7.116757645137978816e-01 9.906672715575230992e-01
7.175080614804385526e-01 9.803552932601737879e-01
7.233403584470792236e-01 9.716573637398008279e-01
7.291726554137197835e-01 9.624214179604357877e-01
7.350049523803604545e-01 9.417974613657371652e-01
7.408372493470010145e-01 9.093371470732115602e-01
7.466695463136417965e-01 9.230565616775110449e-01
7.525018432802824675e-01 9.008185563058360712e-01
7.583341402469230275e-01 8.933759980564448533e-01
7.641664372135636984e-01 8.840503829005811331e-01
7.699987341802042584e-01 8.703309682962815375e-01
7.758310311468449294e-01 8.625297325408955995e-01
7.816633281134856004e-01 8.438785022291680482e-01
7.874956250801261604e-01 8.344632176968056481e-01
7.933279220467668313e-01 8.384983396392466926e-01
7.991602190134073913e-01 8.261239656824275190e-01
8.049925159800480623e-01 7.906148925889464607e-01
8.108248129466886223e-01 8.011958790157919230e-01
8.166571099133294043e-01 7.833516730925526028e-01
8.224894068799700753e-01 7.735777110541954826e-01
8.283217038466106352e-01 7.573475539079326246e-01
8.341540008132513062e-01 7.556438357544574824e-01
8.399862977798918662e-01 7.377099604547195932e-01
8.458185947465325372e-01 7.190587301429921530e-01
8.516508917131732082e-01 7.246182314859108686e-01
8.574831886798137681e-01 7.056083236681887083e-01
8.633154856464544391e-01 6.834599876730124146e-01
8.691477826130949991e-01 6.812182532605451923e-01
8.749800795797356701e-01 6.688438793037259078e-01
8.808123765463763410e-01 6.590699172653687876e-01
8.866446735130170120e-01 6.368319118936937029e-01
8.924769704796576830e-01 6.362938956347016228e-01
8.983092674462982430e-01 6.151319227810109203e-01
9.041415644129389140e-01 6.172839878169794625e-01
9.099738613795794739e-01 6.116348170975620668e-01
9.158061583462201449e-01 6.016815163062074756e-01
9.216384553128607049e-01 5.943286274333149377e-01
9.274707522795014869e-01 5.728976464501280841e-01
9.333030492461420469e-01 5.621373212702852618e-01
9.391353462127826068e-01 5.393612996396180970e-01
9.449676431794232778e-01 5.424997278170722304e-01
9.507999401460639488e-01 5.317394026372294080e-01
9.566322371127046198e-01 5.199030449394025366e-01
9.624645340793451798e-01 5.060939609586042609e-01
9.682968310459859618e-01 4.998171046036960496e-01
9.741291280126265217e-01 4.810762049154698738e-01
9.799614249792670817e-01 4.726472835245930648e-01
9.857937219459078637e-01 4.522026656828918578e-01
9.916260189125484237e-01 4.608109258267659714e-01
9.974583158791889836e-01 4.400076304790700443e-01
1.003290612845829655e+00 4.291576359227285975e-01
1.009122909812470326e+00 4.172316088484028240e-01
1.014955206779110997e+00 4.212667307908438685e-01
1.020787503745751446e+00 4.185766494958831907e-01
1.026619800712392339e+00 3.983113704071793437e-01
1.032452097679032788e+00 4.018084760906282527e-01
1.038284394645673459e+00 3.863853433328536258e-01
1.044116691612313907e+00 3.863853433328536258e-01
1.049948988578954800e+00 3.677341130211261855e-01
1.055781285545595471e+00 3.604708935247323276e-01
1.061613582512235920e+00 3.464824707909367474e-01
1.067445879478876813e+00 3.357221456110939806e-01
1.073278176445517262e+00 3.281899179852040271e-01
1.079110473412157933e+00 3.212853759948049448e-01
1.084942770378798382e+00 3.167122377933717647e-01
1.090775067345439275e+00 3.104353814384635535e-01
1.096607364312079724e+00 3.028134844360749200e-01
1.102439661278720395e+00 2.911564654912452421e-01
1.108271958245361066e+00 2.894527473377701554e-01
1.114104255212001737e+00 2.739399452034967930e-01
1.119936552178642408e+00 2.734019289445046574e-01
1.125768849145283079e+00 2.676630888485885262e-01
1.131601146111923750e+00 2.615655712466776750e-01
1.137433443078564199e+00 2.550197067622733127e-01
1.143265740045204870e+00 2.403139290164882091e-01
1.149098037011845541e+00 2.404035983929868892e-01
1.154930333978486212e+00 2.320643463786087601e-01
1.160762630945126661e+00 2.276705469301729956e-01
1.166594927911767554e+00 2.298226119661415101e-01
1.172427224878408003e+00 2.096470022539363431e-01
1.178259521845048674e+00 2.095573328774376631e-01
1.184091818811689345e+00 2.022941133810438330e-01
1.189924115778330016e+00 1.949412245081512673e-01
1.195756412744970687e+00 1.890230456592377484e-01
1.201588709711611136e+00 1.878573437647547695e-01
1.207421006678252029e+00 1.783523898558936893e-01
1.213253303644892478e+00 1.721652028774841026e-01
1.219085600611533149e+00 1.662470240285705836e-01
1.224917897578173820e+00 1.645433058750954691e-01
1.230750194544814491e+00 1.533346338127592745e-01
1.236582491511454940e+00 1.522586012947750034e-01
1.242414788478095611e+00 1.448160430453837577e-01
1.248247085444736282e+00 1.469681080813523000e-01
1.254079382411376953e+00 1.475957937168431433e-01
1.259911679378017624e+00 1.325313384650632642e-01
1.265743976344658295e+00 1.283168777696248597e-01
1.271576273311298966e+00 1.220400214147165929e-01
1.277408570277939415e+00 1.198879563787480368e-01
1.283240867244580086e+00 1.191706013667585135e-01
1.289073164211220757e+00 1.131627531413463145e-01
1.294905461177861428e+00 1.128937450118502467e-01
1.300737758144501877e+00 1.093966393284013516e-01
1.306570055111142770e+00 1.058098642684537627e-01
1.312402352077783219e+00 1.041061461149786621e-01
1.318234649044423890e+00 9.585656347709921310e-02
1.324066946011064561e+00 9.711193474808087200e-02
1.329899242977705232e+00 9.173177215815948859e-02
1.335731539944345903e+00 8.563425455624859572e-02
1.341563836910986351e+00 8.536524642675252794e-02
1.347396133877627245e+00 7.738467191836916059e-02
1.353228430844267693e+00 8.088177760181804177e-02
1.359060727810908364e+00 7.559128438839536612e-02
1.364893024777549035e+00 6.958343616298315326e-02
1.370725321744189706e+00 6.734170175051590324e-02
1.376557618710830155e+00 6.509996733804868096e-02
1.382389915677470826e+00 6.232021666658929537e-02
1.388222212644111497e+00 5.945079661863122283e-02
1.394054509610752168e+00 6.285823292558143094e-02
1.399886806577392839e+00 5.640203781767578334e-02
1.405719103544033510e+00 5.577435218218495389e-02
1.411551400510674181e+00 4.734543079130812404e-02
1.417383697477314630e+00 5.120121398075177382e-02
1.423215994443955301e+00 4.779377767380157266e-02
1.429048291410595972e+00 4.851113268579108906e-02
1.434880588377236643e+00 4.582105139083039735e-02
1.440712885343877092e+00 4.232394570738150924e-02
1.446545182310517985e+00 4.492435762584350706e-02
1.452377479277158434e+00 4.169626007189067979e-02
1.458209776243799105e+00 3.864750127093523335e-02
1.464042073210439998e+00 3.416403244600074718e-02
1.469874370177080447e+00 3.721279124695620055e-02
1.475706667143721118e+00 3.694378311746012583e-02
1.481538964110361567e+00 3.550907309348109303e-02
1.487371261077002460e+00 3.057725738605316518e-02
1.493203558043642909e+00 2.923221673857281933e-02
1.499035855010283580e+00 2.779750671459378653e-02
1.504868151976924251e+00 2.716982107910295707e-02
1.510700448943564922e+00 2.474874791363834009e-02
1.516532745910205371e+00 2.779750671459378653e-02
1.522365042876846042e+00 2.196899724217896144e-02
1.528197339843486935e+00 2.143098098318682240e-02
1.534029636810127384e+00 2.008594033570647655e-02
1.539861933776768055e+00 2.044461784170123475e-02
1.545694230743408726e+00 1.676817340525495886e-02
1.551526527710049397e+00 2.008594033570647655e-02
1.557358824676689846e+00 2.205866661867765186e-02
1.563191121643330739e+00 1.793387529973792735e-02
1.569023418609971188e+00 1.775453654674054652e-02
1.574855715576611859e+00 1.488511649878247918e-02
1.580688012543252308e+00 1.569214088727068773e-02
1.586520309509893201e+00 1.623015714626282330e-02
1.592352606476533872e+00 1.479544712228378876e-02
1.598184903443174321e+00 1.327106772180606555e-02
1.604017200409815214e+00 1.336073709830475423e-02
1.609849497376455663e+00 1.210536582732310053e-02
1.615681794343096334e+00 1.264338208631523956e-02
1.621514091309736783e+00 9.504953908861100975e-03
1.627346388276377676e+00 1.120867206233620503e-02
1.633178685243018124e+00 1.147768019183227281e-02
1.639010982209658795e+00 8.518590767375515058e-03
1.644843279176299466e+00 8.697929520372894158e-03
1.650675576142940137e+00 8.428921390876824640e-03
1.656507873109580808e+00 7.083880743396481390e-03
1.662340170076221257e+00 8.697929520372894158e-03
1.668172467042862150e+00 6.366525731406964123e-03
1.674004764009502599e+00 5.918178848913515505e-03
1.679837060976143270e+00 5.559501342918757305e-03
1.685669357942783941e+00 5.559501342918757305e-03
1.691501654909424612e+00 4.842146330929240905e-03
1.697333951876065061e+00 5.200823836923998238e-03
1.703166248842705954e+00 5.649170719417445988e-03
1.708998545809346403e+00 5.111154460425308688e-03
1.714830842775987074e+00 4.035121942441034087e-03
1.720663139742627745e+00 4.393799448435791420e-03
1.726495436709268416e+00 3.945452565942343670e-03
1.732327733675909087e+00 4.393799448435791420e-03
1.738160030642549536e+00 3.766113812944964570e-03
1.743992327609190429e+00 3.945452565942343670e-03
1.749824624575830878e+00 2.421073165464620452e-03
1.755656921542471549e+00 3.945452565942343670e-03
1.761489218509111998e+00 3.048758800955447303e-03
1.767321515475752891e+00 3.945452565942343670e-03
1.773153812442393340e+00 2.510742541963309569e-03
1.778986109409034011e+00 2.152065035968550935e-03
1.784818406375674682e+00 2.331403788965930469e-03
1.790650703342315353e+00 2.510742541963309569e-03
1.796483000308956024e+00 2.779750671459378653e-03
1.802315297275596695e+00 1.434710023979034101e-03
1.808147594242237366e+00 1.614048776976413201e-03
1.813979891208877815e+00 1.793387529973792518e-03
1.819812188175518486e+00 1.255371270981654784e-03
1.825644485142159157e+00 1.524379400477723651e-03
1.831476782108799828e+00 1.165701894482965234e-03
1.837309079075440277e+00 1.883056906472482285e-03
1.843141376042080948e+00 8.070243884882066007e-04
1.848973673008721619e+00 1.255371270981654784e-03
1.854805969975362512e+00 6.276856354908273922e-04
1.860638266942002961e+00 7.173550119895170506e-04
1.866470563908643632e+00 1.076032517984275468e-03
1.872302860875284303e+00 9.863631414855859175e-04
1.878135157841924752e+00 4.483468824934481295e-04
1.883967454808565423e+00 8.966937649868962591e-04
1.889799751775205872e+00 9.863631414855859175e-04
1.895632048741846987e+00 3.586775059947585253e-04
1.901464345708487436e+00 7.173550119895170506e-04
1.907296642675128107e+00 4.483468824934481295e-04
1.913128939641768556e+00 7.173550119895170506e-04
1.918961236608409227e+00 5.380162589921377338e-04
1.924793533575049898e+00 6.276856354908273922e-04
1.930625830541690346e+00 1.793387529973792627e-04
1.936458127508331462e+00 0.000000000000000000e+00
1.942290424474971910e+00 3.586775059947585253e-04
1.948122721441612581e+00 2.690081294960688669e-04
1.953955018408253030e+00 2.690081294960688669e-04
1.959787315374893701e+00 1.793387529973792627e-04
1.965619612341534150e+00 1.793387529973792627e-04
1.971451909308175265e+00 1.793387529973792627e-04
1.977284206274815714e+00 2.690081294960688669e-04
1.983116503241456385e+00 2.690081294960688669e-04
1.988948800208096834e+00 8.966937649868963133e-05
1.994781097174737505e+00 0.000000000000000000e+00
2.000613394141378176e+00 1.793387529973792627e-04
2.006445691108018625e+00 2.690081294960688669e-04
2.012277988074659518e+00 5.380162589921377338e-04
2.018110285041300411e+00 1.793387529973792627e-04
2.023942582007940860e+00 5.380162589921377338e-04
2.029774878974581309e+00 8.966937649868963133e-05
2.035607175941221758e+00 0.000000000000000000e+00
2.041439472907862651e+00 0.000000000000000000e+00
2.047271769874503100e+00 1.793387529973792627e-04
2.053104066841143993e+00 1.793387529973792627e-04
2.058936363807784442e+00 1.793387529973792627e-04
2.064768660774425335e+00 8.966937649868963133e-05
2.070600957741065784e+00 8.966937649868963133e-05
2.076433254707706233e+00 0.000000000000000000e+00
2.082265551674347126e+00 0.000000000000000000e+00
2.088097848640987575e+00 0.000000000000000000e+00
2.093930145607628468e+00 0.000000000000000000e+00
2.099762442574268917e+00 8.966937649868963133e-05
2.105594739540909810e+00 0.000000000000000000e+00
2.111427036507550259e+00 8.966937649868963133e-05
2.117259333474190708e+00 0.000000000000000000e+00
2.123091630440831601e+00 0.000000000000000000e+00
2.128923927407472050e+00 8.966937649868963133e-05
2.134756224374112943e+00 0.000000000000000000e+00
2.140588521340753392e+00 0.000000000000000000e+00
2.146420818307394285e+00 0.000000000000000000e+00
2.152253115274034734e+00 0.000000000000000000e+00
2.158085412240675183e+00 0.000000000000000000e+00
2.163917709207315632e+00 8.966937649868963133e-05
