# {"alpha": 2, "probability": 0.25, "ensemble_size": 50000, "total_time_iteraion": 1000000, "cols": ["t", "N", "M"]}
1.000000000000000000e+05 3.590300000000000047e+00 4.505437999999999804e-02
1.500000000000000000e+05 3.729680000000000106e+00 4.089182000000000233e-02
2.000000000000000000e+05 3.832479999999999887e+00 3.817253999999999786e-02
2.500000000000000000e+05 3.914260000000000073e+00 3.616536000000000056e-02
3.000000000000000000e+05 3.981679999999999886e+00 3.463569999999999843e-02
3.500000000000000000e+05 4.038859999999999673e+00 3.337297000000000180e-02
4.000000000000000000e+05 4.091059999999999697e+00 3.234068999999999833e-02
4.500000000000000000e+05 4.136479999999999713e+00 3.145793999999999674e-02
5.000000000000000000e+05 4.177399999999999558e+00 3.067616999999999913e-02
5.500000000000000000e+05 4.214859999999999829e+00 2.998197999999999835e-02
6.000000000000000000e+05 4.248359999999999914e+00 2.936530999999999864e-02
6.500000000000000000e+05 4.280439999999999579e+00 2.878742999999999927e-02
7.000000000000000000e+05 4.311020000000000074e+00 2.829653000000000029e-02
7.500000000000000000e+05 4.338779999999999859e+00 2.784137000000000070e-02
8.000000000000000000e+05 4.365440000000000431e+00 2.741862999999999939e-02
8.500000000000000000e+05 4.391339999999999577e+00 2.701208000000000081e-02
9.000000000000000000e+05 4.415479999999999627e+00 2.664800999999999975e-02
9.500000000000000000e+05 4.438719999999999999e+00 2.630684999999999968e-02
1.000000000000000000e+06 4.460280000000000022e+00 2.600026999999999894e-02
