# {"alpha": 2, "probability": 0.75, "ensemble_size": 50000, "total_time_iteration": 1000000, "cols": ["t", "N", "M"]}
1.000000000000000000e+05 3.188111999999999924e+01 3.861766876811972282e-01
1.500000000000000000e+05 3.542273999999999745e+01 3.747395429019376167e-01
2.000000000000000000e+05 3.816145999999999816e+01 3.668744453275312178e-01
2.500000000000000000e+05 4.045492000000000132e+01 3.608929260780256443e-01
3.000000000000000000e+05 4.241257999999999839e+01 3.560647276744732248e-01
3.500000000000000000e+05 4.414652000000000243e+01 3.520142000497372692e-01
4.000000000000000000e+05 4.570401999999999987e+01 3.485745355246739896e-01
4.500000000000000000e+05 4.712615999999999872e+01 3.455796194325296278e-01
5.000000000000000000e+05 4.843240000000000123e+01 3.429149170731716767e-01
5.500000000000000000e+05 4.964235999999999649e+01 3.405405695678596634e-01
6.000000000000000000e+05 5.077342000000000155e+01 3.383918965577870641e-01
6.500000000000000000e+05 5.184205999999999648e+01 3.363663759363519912e-01
7.000000000000000000e+05 5.284159999999999968e+01 3.345375124844347514e-01
7.500000000000000000e+05 5.379372000000000043e+01 3.328451365929623873e-01
8.000000000000000000e+05 5.470353999999999672e+01 3.312817194759452022e-01
8.500000000000000000e+05 5.557515999999999678e+01 3.298031053718142314e-01
9.000000000000000000e+05 5.640390000000000015e+01 3.284082249979331514e-01
9.500000000000000000e+05 5.720557999999999765e+01 3.270945306053165136e-01
1.000000000000000000e+06 5.797068000000000154e+01 3.258510508031841613e-01
