# {"alpha": 2, "probability": 0.25, "ensemble_size": 50000, "total_time_iteration": 1000000, "cols": ["t", "N", "M"]}
1.000000000000000000e+05 3.594399999999999817e+00 4.520366960093007841e-02
1.500000000000000000e+05 3.738620000000000054e+00 4.100967083368853988e-02
2.000000000000000000e+05 3.842379999999999907e+00 3.827741215427489518e-02
2.500000000000000000e+05 3.923840000000000217e+00 3.632040083030527861e-02
3.000000000000000000e+05 3.990660000000000096e+00 3.475977466406972999e-02
3.500000000000000000e+05 4.046840000000000437e+00 3.351140686799756324e-02
4.000000000000000000e+05 4.098740000000000272e+00 3.246050423194594969e-02
4.500000000000000000e+05 4.144580000000000375e+00 3.155717249360557447e-02
5.000000000000000000e+05 4.187400000000000233e+00 3.076636977987488517e-02
5.500000000000000000e+05 4.226200000000000401e+00 3.006669337480571969e-02
6.000000000000000000e+05 4.260679999999999801e+00 2.945138305029235126e-02
6.500000000000000000e+05 4.293859999999999566e+00 2.888449269063771141e-02
7.000000000000000000e+05 4.323360000000000092e+00 2.837851679938133490e-02
7.500000000000000000e+05 4.352059999999999818e+00 2.792054773687107500e-02
8.000000000000000000e+05 4.379719999999999835e+00 2.749896101617479299e-02
8.500000000000000000e+05 4.404560000000000031e+00 2.710881940628347836e-02
9.000000000000000000e+05 4.428440000000000154e+00 2.675390229938942946e-02
9.500000000000000000e+05 4.450719999999999565e+00 2.641050448166445269e-02
1.000000000000000000e+06 4.472120000000000317e+00 2.608849815671968747e-02
