# {"alpha": 2, "probability": 0.5, "ensemble_size": 50000, "total_time_iteraion": 1000000, "cols": ["t", "N", "M"]}
1.000000000000000000e+05 1.124117999999999995e+01 1.384087300000000076e-01
1.500000000000000000e+05 1.209270000000000067e+01 1.300560299999999891e-01
2.000000000000000000e+05 1.273865999999999943e+01 1.244595800000000002e-01
2.500000000000000000e+05 1.326276000000000010e+01 1.202787599999999985e-01
3.000000000000000000e+05 1.370457999999999998e+01 1.169712900000000055e-01
3.500000000000000000e+05 1.408769999999999989e+01 1.142733300000000063e-01
4.000000000000000000e+05 1.443355999999999995e+01 1.119712199999999963e-01
4.500000000000000000e+05 1.474314000000000036e+01 1.099651900000000043e-01
5.000000000000000000e+05 1.502567999999999948e+01 1.082216500000000026e-01
5.500000000000000000e+05 1.528584000000000032e+01 1.066449599999999970e-01
6.000000000000000000e+05 1.552762000000000064e+01 1.052117399999999980e-01
6.500000000000000000e+05 1.575203999999999915e+01 1.039283200000000046e-01
7.000000000000000000e+05 1.596184000000000047e+01 1.027545700000000034e-01
7.500000000000000000e+05 1.616201999999999828e+01 1.016924500000000037e-01
8.000000000000000000e+05 1.635040000000000049e+01 1.007017999999999941e-01
8.500000000000000000e+05 1.652777999999999992e+01 9.977882000000000418e-02
9.000000000000000000e+05 1.669979999999999976e+01 9.891867999999999495e-02
9.500000000000000000e+05 1.686385999999999896e+01 9.809568000000000454e-02
1.000000000000000000e+06 1.702118000000000109e+01 9.733685999999999727e-02
