# {"alpha": 2, "probability": 0.75, "ensemble_size": 50000, "total_time_iteraion": 1000000, "cols": ["t", "N", "M"]}
1.000000000000000000e+05 3.195980000000000132e+01 3.869431099999999790e-01
1.500000000000000000e+05 3.549459999999999837e+01 3.754835100000000203e-01
2.000000000000000000e+05 3.823854000000000042e+01 3.676055200000000189e-01
2.500000000000000000e+05 4.052147999999999683e+01 3.615859399999999946e-01
3.000000000000000000e+05 4.247222000000000008e+01 3.567739600000000011e-01
3.500000000000000000e+05 4.420342000000000127e+01 3.527134299999999945e-01
4.000000000000000000e+05 4.576176000000000244e+01 3.492174699999999743e-01
4.500000000000000000e+05 4.717763999999999669e+01 3.461869100000000143e-01
5.000000000000000000e+05 4.848832000000000164e+01 3.434997399999999979e-01
5.500000000000000000e+05 4.969792000000000343e+01 3.411219899999999861e-01
6.000000000000000000e+05 5.083577999999999975e+01 3.389159800000000056e-01
6.500000000000000000e+05 5.189981999999999829e+01 3.369198600000000154e-01
7.000000000000000000e+05 5.290883999999999787e+01 3.350521100000000141e-01
7.500000000000000000e+05 5.386386000000000251e+01 3.333550599999999808e-01
8.000000000000000000e+05 5.477705999999999875e+01 3.317923500000000137e-01
8.500000000000000000e+05 5.564021999999999935e+01 3.303188899999999761e-01
9.000000000000000000e+05 5.647825999999999880e+01 3.289281499999999747e-01
9.500000000000000000e+05 5.727871999999999986e+01 3.276436600000000032e-01
1.000000000000000000e+06 5.804381999999999664e+01 3.264153399999999983e-01
