# {"alpha": 2, "probability": 0.75, "ensemble_size": 50000, "total_iteraion": 1000000, "Mdf_avg": "1.001551", "cols": ["t", "M_df"]}
1.000000000000000000e+05 1.001727127252903138e+00
1.500000000000000000e+05 1.001811058285005940e+00
2.000000000000000000e+05 1.001591821912212410e+00
2.500000000000000000e+05 1.001574705286021327e+00
3.000000000000000000e+05 1.001462187518655789e+00
3.500000000000000000e+05 1.001479702519621373e+00
4.000000000000000000e+05 1.001440811138159859e+00
4.500000000000000000e+05 1.001527563083512318e+00
5.000000000000000000e+05 1.001542150649071372e+00
5.500000000000000000e+05 1.001475012085746075e+00
6.000000000000000000e+05 1.001476530640817764e+00
6.500000000000000000e+05 1.001478518423871256e+00
7.000000000000000000e+05 1.001508950403432019e+00
7.500000000000000000e+05 1.001544980060350420e+00
8.000000000000000000e+05 1.001531178944804257e+00
8.500000000000000000e+05 1.001530397832785635e+00
9.000000000000000000e+05 1.001590088679258583e+00
9.500000000000000000e+05 1.001592283051930821e+00
1.000000000000000000e+06 1.001579511152278501e+00
