# {"alpha": 2, "probability": 0.75, "ensemble_size": 50000, "total_iteraion": 1000000, "Mdf_avg": "0.99863", "cols": ["t", "M_df"]}
1.000000000000000000e+05 9.984340372544391329e-01
1.500000000000000000e+05 9.985089342991373407e-01
2.000000000000000000e+05 9.985576751634736015e-01
2.500000000000000000e+05 9.986012617946303793e-01
3.000000000000000000e+05 9.986132886687637544e-01
3.500000000000000000e+05 9.987374906001748043e-01
4.000000000000000000e+05 9.988483751980640202e-01
4.500000000000000000e+05 9.987523568478865466e-01
5.000000000000000000e+05 9.987487891285559138e-01
5.500000000000000000e+05 9.987047240314371743e-01
6.000000000000000000e+05 9.986902514363007466e-01
6.500000000000000000e+05 9.986713591582658811e-01
7.000000000000000000e+05 9.986708545378215618e-01
7.500000000000000000e+05 9.986514490480253858e-01
8.000000000000000000e+05 9.986319544172918006e-01
8.500000000000000000e+05 9.985829024432426593e-01
9.000000000000000000e+05 9.985198563540919059e-01
9.500000000000000000e+05 9.985465353223823559e-01
1.000000000000000000e+06 9.985323852601478700e-01
