2.999761159812208006e-02 9.769815979053254607e-01
5.999519602258022305e-02 9.462155246778650719e-01
8.999278044703837298e-02 9.174092816841374898e-01
1.199903648714965160e-01 8.909186626125661368e-01
1.499879492959546590e-01 8.651835121394140238e-01
1.799855337204127881e-01 8.396138057313788927e-01
2.099831181448709450e-01 8.145392455397330034e-01
2.399807025693290741e-01 7.911327647573126454e-01
2.699782869937872309e-01 7.666393342567585645e-01
2.999758714182453878e-01 7.451565113497478077e-01
3.299734558427034892e-01 7.227996219481768181e-01
3.599710402671616460e-01 7.014324319899037929e-01
3.899686246916198029e-01 6.804334884991489751e-01
4.199662091160779598e-01 6.604787994839173004e-01
4.499637935405360611e-01 6.417842131151855201e-01
4.799613779649942180e-01 6.218734053215260182e-01
5.099589623894523749e-01 6.033009747858194549e-01
5.399565468139104762e-01 5.856802923666458716e-01
5.699541312383685776e-01 5.689212236629378472e-01
5.999517156628267900e-01 5.522001062859949183e-01
6.299493000872850024e-01 5.351059985256880758e-01
6.599468845117429927e-01 5.209406658105872889e-01
6.899444689362012051e-01 5.039224607038108594e-01
7.199420533606594175e-01 4.889554062107958066e-01
7.499396377851175188e-01 4.744716381445559517e-01
7.799372222095757312e-01 4.603762781881785005e-01
8.099348066340337216e-01 4.472569789170428023e-01
8.399323910584919339e-01 4.344638238602953062e-01
8.699299754829501463e-01 4.211464661026038669e-01
8.999275599074081367e-01 4.090785371807595938e-01
9.299251443318663490e-01 3.968777786152372089e-01
9.599227287563245614e-01 3.849260756316113530e-01
9.899203131807826628e-01 3.734422413482623160e-01
1.019917897605240764e+00 3.629848718560150234e-01
1.049915482029698977e+00 3.512377502432326160e-01
1.079913066454156967e+00 3.405402200112995770e-01
1.109910650878615179e+00 3.307351389478287440e-01
1.139908235303073392e+00 3.215420230284463110e-01
1.169905819727531382e+00 3.121704172753714257e-01
1.199903404151989816e+00 3.037618264389628231e-01
1.229900988576447585e+00 2.928211705199403325e-01
1.259898573000905797e+00 2.850559732700975735e-01
1.289896157425364231e+00 2.766206979070571781e-01
1.319893741849822000e+00 2.687048813291150751e-01
1.349891326274280212e+00 2.609675545848654798e-01
1.379888910698738647e+00 2.533061304941462422e-01
1.409886495123196859e+00 2.454822272857135612e-01
1.439884079547654627e+00 2.376470572771474665e-01
1.469881663972113062e+00 2.311407766948431752e-01
1.499879248396571274e+00 2.242537968659256975e-01
1.529876832821029042e+00 2.178696721166467620e-01
1.559874417245487255e+00 2.109767623929222624e-01
1.589872001669945689e+00 2.050112882170216366e-01
1.619869586094403457e+00 1.989005316183481142e-01
1.649867170518861670e+00 1.926978616501651698e-01
1.679864754943320104e+00 1.872690429543033275e-01
1.709862339367777873e+00 1.815555893077026861e-01
1.739859923792236085e+00 1.765810005540615346e-01
1.769857508216694519e+00 1.714534205143982692e-01
1.799855092641152288e+00 1.660186719237293496e-01
1.829852677065610500e+00 1.608608494205500672e-01
1.859850261490068934e+00 1.565088996216500439e-01
1.889847845914527147e+00 1.519114521777377436e-01
1.919845430338984915e+00 1.475174001257076040e-01
1.949843014763443350e+00 1.431150462209475338e-01
1.979840599187901562e+00 1.387648753904895949e-01
2.009838183612359330e+00 1.352247281906758247e-01
2.039835768036817765e+00 1.308158514016280194e-01
2.069833352461275755e+00 1.271144110630622603e-01
2.099830936885733745e+00 1.234758276094512913e-01
2.129828521310192180e+00 1.194411271827288679e-01
2.159826105734650170e+00 1.152202280590647887e-01
2.189823690159108160e+00 1.126342009337066852e-01
2.219821274583566595e+00 1.097327034046130662e-01
2.249818859008024585e+00 1.059114791909447351e-01
2.279816443432482576e+00 1.027603330904739709e-01
2.309814027856941010e+00 9.951371568360957431e-02
2.339811612281399000e+00 9.671658430312020382e-02
2.369809196705856991e+00 9.400662237629456297e-02
2.399806781130315425e+00 9.157892344228492354e-02
2.429804365554773415e+00 8.880254669362024067e-02
2.459801949979231406e+00 8.611096744069650366e-02
2.489799534403689840e+00 8.328240761772971734e-02
2.519797118828147831e+00 8.059675825961302997e-02
2.549794703252605821e+00 7.860075566755721221e-02
2.579792287677063811e+00 7.631003730359060822e-02
2.609789872101522246e+00 7.422745824735176023e-02
2.639787456525980236e+00 7.175113417592422771e-02
2.669785040950438226e+00 6.971421530969970637e-02
2.699782625374896661e+00 6.732150275505170700e-02
2.729780209799355095e+00 6.560242625048551268e-02
2.759777794223812641e+00 6.344157258279348177e-02
2.789775378648271076e+00 6.203500153455926425e-02
2.819772963072729510e+00 5.983738251906347422e-02
2.849770547497187057e+00 5.833474717495491096e-02
2.879768131921645491e+00 5.630138624561463467e-02
2.909765716346103925e+00 5.481179667008159728e-02
2.939763300770561472e+00 5.328781370466763312e-02
2.969760885195019906e+00 5.156992317906285150e-02
2.999758469619478340e+00 5.023806880539756492e-02
3.029756054043935887e+00 4.863166030216548030e-02
3.059753638468394321e+00 4.726778449654208542e-02
3.089751222892852756e+00 4.576633513139493487e-02
3.119748807317310746e+00 4.422159753415625533e-02
3.149746391741768736e+00 4.291286975023849565e-02
3.179743976166227171e+00 4.179508457910801472e-02
3.209741560590685161e+00 4.083799955724881636e-02
3.239739145015143151e+00 3.934781699223507262e-02
3.269736729439601586e+00 3.812685165146177668e-02
3.299734313864059576e+00 3.696222031135553560e-02
3.329731898288517566e+00 3.612254720667609081e-02
3.359729482712976001e+00 3.490336083434491393e-02
3.389727067137433991e+00 3.370908002020337607e-02
3.419724651561891982e+00 3.311846249742037007e-02
3.449722235986350416e+00 3.199711938940565797e-02
3.479719820410808406e+00 3.093448223998081920e-02
3.509717404835266397e+00 2.980127934235198353e-02
3.539714989259724387e+00 2.934230548428567661e-02
3.569712573684182821e+00 2.843858951568999441e-02
3.599710158108640812e+00 2.757519683178231290e-02
3.629707742533098802e+00 2.664064541018993162e-02
3.659705326957557237e+00 2.568356038833072980e-02
3.689702911382015671e+00 2.509827977087408096e-02
3.719700495806473217e+00 2.425386275034898190e-02
3.749698080230931652e+00 2.365612935379751355e-02
3.779695664655390086e+00 2.283009500717429405e-02
3.809693249079847632e+00 2.236934218066586808e-02
3.839690833504306067e+00 2.172535560461934245e-02
3.869688417928764501e+00 2.118158425081210008e-02
3.899686002353222047e+00 2.039231525199264317e-02
3.929683586777680482e+00 1.966946107501224561e-02
3.959681171202138916e+00 1.901183574090948084e-02
3.989678755626596462e+00 1.878827870668338743e-02
4.019676340051054453e+00 1.798181301292346365e-02
4.049673924475513331e+00 1.750860740732021470e-02
4.079671508899971322e+00 1.707928302328919762e-02
4.109669093324429312e+00 1.646731787920078377e-02
4.139666677748887302e+00 1.595319599942883471e-02
4.169664262173346181e+00 1.561519199542651254e-02
4.199661846597803283e+00 1.505422394667880158e-02
4.229659431022262162e+00 1.474824137463459466e-02
4.259657015446720152e+00 1.408053521935983578e-02
4.289654599871178142e+00 1.391094022787796834e-02
4.319652184295636133e+00 1.331913672613355484e-02
4.349649768720095011e+00 1.289337027898677240e-02
4.379647353144552113e+00 1.261288625461291606e-02
4.409644937569010992e+00 1.221380433409789516e-02
4.439642521993468982e+00 1.187046342476922277e-02
4.469640106417926972e+00 1.145952171464008525e-02
4.499637690842384963e+00 1.104858000451094772e-02
4.529635275266843841e+00 1.086356728653072902e-02
4.559632859691300943e+00 1.049947174537735339e-02
4.589630444115760710e+00 1.018815226800679451e-02
4.619628028540218700e+00 9.904110306748703518e-03
4.649625612964675803e+00 9.599906703146615650e-03
4.679623197389134681e+00 9.363896889825697525e-03
4.709620781813592671e+00 9.033008759591844641e-03
4.739618366238050662e+00 8.800556883155162893e-03
4.769615950662509540e+00 8.457808963307195116e-03
4.799613535086967531e+00 8.245518729214508513e-03
4.829611119511424633e+00 7.986382326146061750e-03
4.859608703935883511e+00 7.797811671281610138e-03
4.889606288360341502e+00 7.539268257693870594e-03
4.919603872784799492e+00 7.260563201762131567e-03
4.949601457209258371e+00 7.153825095235082782e-03
4.979599041633716361e+00 6.818786038636291506e-03
5.009596626058173463e+00 6.786764606678177131e-03
5.039594210482632342e+00 6.464771318654914320e-03
5.069591794907090332e+00 6.267898811060579854e-03
5.099589379331548322e+00 6.116093503999888228e-03
5.129586963756007201e+00 6.023587145009778876e-03
5.159584548180464303e+00 5.776310531555449608e-03
5.189582132604922293e+00 5.673130361912636331e-03
5.219579717029381172e+00 5.435341580149600019e-03
5.249577301453839162e+00 5.320894610373375598e-03
5.279574885878297152e+00 5.144183745123038880e-03
5.309572470302756031e+00 5.014912038329168674e-03
5.339570054727213133e+00 4.847689004770126646e-03
5.369567639151672012e+00 4.726719150706137559e-03
5.399565223576130002e+00 4.602191359757914699e-03
5.429562808000587992e+00 4.452758010620046746e-03
5.459560392425046871e+00 4.329416198633234854e-03
5.489557976849504861e+00 4.185319754821718863e-03
5.519555561273961963e+00 4.025805584511851602e-03
5.549553145698420842e+00 3.957611794230681858e-03
5.579550730122878832e+00 3.796318655478697277e-03
5.609548314547336822e+00 3.668232927646238473e-03
5.639545898971795701e+00 3.528880399680369827e-03
5.669543483396253691e+00 3.501009894087196012e-03
5.699541067820710794e+00 3.307695323377096187e-03
5.729538652245169672e+00 3.181981553467461490e-03
5.759536236669627662e+00 3.239501533095926877e-03
5.789533821094085653e+00 3.107857868379232998e-03
5.819531405518544531e+00 2.946564729627248417e-03
5.849528989943002522e+00 2.880742897268901911e-03
5.879526574367459624e+00 2.804247254257850180e-03
5.909524158791918502e+00 2.709368937344918023e-03
5.939521743216376493e+00 2.625757420565397009e-03
5.969519327640834483e+00 2.523763229883994701e-03
5.999516912065293361e+00 2.446081607911531567e-03
6.029514496489751352e+00 2.418804091799063669e-03
6.059512080914208454e+00 2.348238343595070252e-03
6.089509665338667332e+00 2.277672595391077269e-03
6.119507249763125323e+00 2.173306446786851722e-03
6.149504834187583313e+00 2.143656972751560585e-03
6.179502418612042192e+00 2.084358024680977878e-03
6.209500003036499294e+00 2.055301540126392226e-03
6.239497587460958172e+00 1.922471896448287596e-03
6.269495171885416163e+00 1.882148611760291450e-03
6.299492756309874153e+00 1.872067790588292143e-03
6.329490340734333031e+00 1.784305347443830136e-03
6.359487925158791022e+00 1.721448462489012570e-03
6.389485509583248124e+00 1.706030735990661084e-03
6.419483094007707003e+00 1.647917766881489996e-03
6.449480678432164993e+00 1.643173851035843519e-03
6.479478262856622983e+00 1.513902144241973530e-03
6.509475847281081862e+00 1.504414312550680140e-03
6.539473431705539852e+00 1.455196185652096524e-03
6.569471016129996954e+00 1.364468795104105143e-03
6.599468600554455833e+00 1.430290627462452082e-03
6.629466184978913823e+00 1.286787173131642226e-03
6.659463769403371813e+00 1.268997488710467284e-03
6.689461353827830692e+00 1.254172751692821499e-03
6.719458938252288682e+00 1.241719972597999386e-03
6.749456522676745784e+00 1.160480413741301177e-03
6.779454107101204663e+00 1.148027634646478848e-03
6.809451691525662653e+00 1.097030539305777694e-03
6.839449275950120644e+00 1.063823128386251482e-03
6.869446860374579522e+00 1.045440454484371055e-03
6.899444444799037512e+00 1.026464791101784494e-03
6.929442029223494615e+00 9.553060534170853754e-04
6.959439613647953493e+00 9.837695484909651095e-04
6.989437198072411483e+00 9.351444110730873028e-04
7.019434782496869474e+00 9.203196740554416260e-04
7.049432366921328352e+00 8.627996944269765650e-04
7.079429951345785454e+00 8.361151677952144770e-04
7.109427535770243445e+00 8.106166201248639000e-04
7.139425120194702323e+00 8.295922835074503532e-04
7.169422704619160314e+00 7.572475668613396155e-04
7.199420289043618304e+00 7.554685984192220779e-04
7.229417873468077183e+00 6.961696503486394794e-04
7.259415457892534285e+00 6.724500711204064399e-04
7.289413042316993163e+00 6.937976924258162405e-04
7.319410626741451154e+00 7.121803663276968840e-04
7.349408211165909144e+00 6.439865760465269227e-04
7.379405795590368022e+00 6.178950388954705360e-04
7.409403380014826013e+00 6.380566812394686087e-04
7.439400964439283115e+00 5.918035017444142577e-04
7.469398548863741993e+00 5.698628909582986474e-04
7.499396133288199984e+00 5.325045536738316591e-04
7.529393717712657974e+00 5.651189751126519528e-04
7.559391302137116853e+00 5.265746588667733451e-04
7.589388886561574843e+00 5.028550796385403057e-04
7.619386470986031945e+00 4.613458159891325409e-04
7.649384055410490824e+00 4.868443636594830095e-04
7.679381639834948814e+00 4.542299422206626074e-04
7.709379224259406804e+00 4.589738580663091936e-04
7.739376808683865683e+00 4.566019001434859547e-04
7.769374393108323673e+00 4.186505733783131024e-04
7.799371977532780775e+00 3.895940888237275587e-04
7.829369561957239654e+00 3.860361519394925919e-04
7.859367146381697644e+00 3.884081098623159392e-04
7.889364730806155634e+00 3.599446147884363136e-04
7.919362315230614513e+00 3.860361519394925919e-04
7.949359899655071615e+00 3.593516253077304497e-04
7.979357484079529605e+00 3.480848251743197397e-04
8.009355068503989372e+00 3.516427620585547064e-04
8.039352652928446474e+00 3.237722564653808905e-04
8.069350237352903576e+00 3.089475194477352680e-04
8.099347821777362455e+00 3.000526772371478511e-04
8.129345406201821334e+00 3.095405089284411319e-04
8.159342990626280212e+00 2.804840243738556424e-04
8.189340575050737314e+00 2.781120664510323493e-04
8.219338159475194416e+00 2.704032032018566060e-04
8.249335743899653295e+00 2.514275398192701528e-04
8.279333328324112173e+00 2.555784661842109835e-04
8.309330912748569276e+00 2.609153715105633794e-04
8.339328497173028154e+00 2.549854767035051196e-04
8.369326081597487033e+00 2.478696029350351861e-04
8.399323666021944135e+00 2.330448659173895635e-04
8.429321250446403013e+00 2.383817712437419866e-04
8.459318834870860115e+00 2.022094129206866177e-04
8.489316419295318994e+00 2.199990973418613973e-04
8.519314003719777872e+00 2.022094129206866177e-04
8.549311588144234975e+00 1.998374549978633246e-04
8.579309172568692077e+00 1.903496233065701251e-04
8.609306756993150955e+00 1.998374549978633246e-04
8.639304341417609834e+00 2.004304444785691343e-04
8.669301925842066936e+00 1.755248862889244755e-04
8.699299510266525814e+00 1.707809704432778351e-04
8.729297094690984693e+00 1.529912860221030826e-04
8.759294679115441795e+00 1.500263386185739256e-04
8.789292263539900674e+00 1.399455174465749163e-04
8.819289847964357776e+00 1.595141703098671522e-04
8.849287432388816654e+00 1.357945910816341127e-04
8.879285016813275533e+00 1.393525279658690795e-04
8.909282601237732635e+00 1.346086121202224662e-04
8.939280185662189737e+00 1.387595384851632427e-04
8.969277770086648616e+00 1.310506752359875265e-04
8.999275354511107494e+00 1.257137699096350764e-04
9.029272938935564596e+00 1.168189276990476866e-04
9.059270523360023475e+00 1.097030539305777802e-04
9.089268107784480577e+00 1.037731591235195339e-04
9.119265692208939456e+00 1.227488225061059465e-04
9.149263276633398334e+00 1.002152222392845672e-04
9.179260861057855436e+00 1.061451170463428270e-04
9.209258445482312538e+00 1.108890328919894403e-04
9.239256029906771417e+00 8.479749574093310780e-05
9.269253614331230295e+00 8.420450626022727098e-05
9.299251198755687398e+00 9.250635899010883748e-05
9.329248783180146276e+00 1.043661486042253436e-04
9.359246367604605155e+00 7.946059041458067122e-05
9.389243952029062257e+00 8.420450626022727098e-05
9.419241536453519359e+00 8.064656937599231777e-05
9.449239120877978237e+00 7.115873768469910471e-05
9.479236705302435340e+00 7.590265353034570447e-05
9.509234289726894218e+00 5.929894807058258500e-05
9.539231874151353097e+00 7.412368508822823464e-05
9.569229458575810199e+00 6.522884287764084486e-05
9.599227043000269077e+00 6.819379028116997479e-05
9.629224627424727956e+00 7.471667456893405792e-05
9.659222211849185058e+00 5.099709534070102527e-05
9.689219796273643937e+00 5.870595858987676173e-05
9.719217380698102815e+00 6.344987443552337503e-05
9.749214965122558141e+00 5.751997962846510163e-05
9.779212549547017019e+00 5.633400066705345508e-05
9.809210133971475898e+00 4.803214793717188857e-05
9.839207718395933000e+00 4.921812689858354867e-05
9.869205302820391879e+00 5.396204274423015520e-05
9.899202887244850757e+00 4.803214793717188857e-05
9.929200471669307859e+00 4.388122157223111887e-05
9.959198056093766738e+00 4.684616897576024202e-05
9.989195640518225616e+00 5.455503222493597847e-05
1.001919322494268272e+01 3.913730572658450556e-05
1.004919080936714160e+01 3.854431624587867551e-05
1.007918839379160048e+01 3.854431624587867551e-05
1.010918597821605580e+01 4.625317949505441874e-05
1.013918356264051468e+01 3.795132676517285223e-05
1.016918114706497356e+01 3.439338988093789903e-05
1.019917873148943066e+01 4.566019001434858869e-05
1.022917631591388954e+01 3.024246351599711916e-05
1.025917390033834842e+01 3.439338988093789903e-05
1.028917148476280552e+01 3.024246351599711916e-05
1.031916906918726440e+01 3.973029520729033561e-05
1.034916665361172328e+01 2.846349507387963918e-05
1.037916423803618038e+01 3.439338988093789903e-05
1.040916182246063926e+01 3.202143195811459915e-05
1.043915940688509814e+01 2.490555818964468597e-05
1.046915699130955346e+01 3.439338988093789903e-05
1.049915457573401234e+01 3.083545299670294583e-05
1.052915216015847122e+01 2.668452663176216596e-05
1.055914974458292832e+01 2.431256870893886270e-05
1.058914732900738720e+01 1.956865286329225278e-05
1.061914491343184608e+01 2.312658974752720937e-05
1.064914249785630496e+01 2.727751611246798924e-05
1.067914008228076206e+01 2.312658974752720937e-05
1.070913766670522094e+01 2.431256870893886270e-05
1.073913525112967982e+01 2.549854767035051264e-05
1.076913283555413692e+01 2.016164234399807944e-05
1.079913041997859580e+01 2.075463182470390611e-05
1.082912800440305290e+01 2.194061078611555943e-05
1.085912558882751000e+01 1.838267390188060284e-05
1.088912317325196888e+01 2.134762130540972938e-05
1.091912075767642776e+01 1.838267390188060284e-05
1.094911834210088486e+01 1.719669494046894952e-05
1.097911592652534374e+01 1.778968442117477618e-05
1.100911351094980262e+01 1.897566338258642612e-05
1.103911109537425972e+01 1.897566338258642612e-05
1.106910867979871860e+01 2.016164234399807944e-05
1.109910626422317748e+01 1.126680013341069135e-05
1.112910384864763458e+01 1.363875805623399462e-05
1.115910143307209168e+01 1.423174753693981959e-05
1.118909901749655056e+01 7.115873768469909794e-06
1.121909660192100766e+01 1.660370545976312285e-05
1.124909418634546654e+01 1.008082117199903972e-05
1.127909177076992542e+01 1.008082117199903972e-05
1.130908935519438252e+01 1.067381065270486469e-05
1.133908693961884140e+01 1.304576857552816796e-05
1.136908452404330028e+01 1.126680013341069135e-05
1.139908210846775738e+01 1.067381065270486469e-05
1.142907969289221626e+01 1.067381065270486469e-05
1.145907727731667514e+01 1.126680013341069135e-05
1.148907486174113046e+01 8.301852729881561426e-06
1.151907244616558934e+01 1.304576857552816796e-05
1.154907003059004822e+01 1.008082117199903972e-05
1.157906761501450532e+01 8.894842210587388089e-06
1.160906519943896420e+01 1.126680013341069135e-05
1.163906278386342308e+01 7.115873768469909794e-06
1.166906036828788018e+01 8.301852729881561426e-06
1.169905795271233906e+01 5.336905326352432345e-06
1.172905553713679794e+01 1.126680013341069135e-05
1.175905312156125504e+01 1.067381065270486469e-05
1.178905070598571392e+01 4.150926364940780713e-06
1.181904829041017280e+01 1.126680013341069135e-05
1.184904587483462812e+01 9.487831691293213058e-06
1.187904345925908700e+01 5.929894807058258162e-06
1.190904104368354588e+01 7.708863249175736457e-06
1.193903862810800298e+01 1.008082117199903972e-05
1.196903621253246186e+01 1.008082117199903972e-05
1.199903379695692074e+01 4.743915845646606529e-06
1.202903138138137784e+01 5.336905326352432345e-06
1.205902896580583672e+01 2.964947403529129081e-06
1.208902655023029560e+01 2.371957922823303265e-06
1.211902413465475270e+01 6.522884287764083978e-06
1.214902171907921158e+01 4.743915845646606529e-06
1.217901930350367046e+01 2.964947403529129081e-06
1.220901688792812578e+01 2.371957922823303265e-06
1.223901447235258466e+01 1.008082117199903972e-05
1.226901205677704354e+01 4.743915845646606529e-06
1.229900964120150064e+01 5.929894807058258162e-06
1.232900722562595952e+01 4.150926364940780713e-06
1.235900481005041840e+01 2.371957922823303265e-06
1.238900239447487550e+01 1.778968442117477448e-06
1.241899997889933438e+01 5.336905326352432345e-06
1.244899756332379326e+01 5.929894807058258162e-06
1.247899514774825214e+01 1.778968442117477448e-06
1.250899273217270924e+01 1.778968442117477448e-06
1.253899031659716812e+01 3.557936884234954897e-06
1.256898790102162522e+01 6.522884287764083978e-06
1.259898548544608232e+01 3.557936884234954897e-06
1.262898306987054120e+01 4.743915845646606529e-06
1.265898065429500008e+01 1.778968442117477448e-06
1.268897823871945718e+01 3.557936884234954897e-06
1.271897582314391606e+01 1.778968442117477448e-06
1.274897340756837494e+01 2.371957922823303265e-06
1.277897099199283204e+01 1.185978961411651632e-06
1.280896857641729092e+01 2.964947403529129081e-06
1.283896616084174980e+01 2.371957922823303265e-06
1.286896374526620690e+01 2.964947403529129081e-06
1.289896132969066400e+01 5.929894807058258162e-07
1.292895891411512288e+01 4.150926364940780713e-06
1.295895649853957998e+01 1.778968442117477448e-06
1.298895408296403886e+01 1.778968442117477448e-06
1.301895166738849774e+01 1.778968442117477448e-06
1.304894925181295484e+01 1.185978961411651632e-06
1.307894683623741372e+01 3.557936884234954897e-06
1.310894442066187260e+01 5.929894807058258162e-06
1.313894200508632970e+01 1.778968442117477448e-06
1.316893958951078858e+01 2.964947403529129081e-06
1.319893717393524746e+01 1.778968442117477448e-06
1.322893475835970278e+01 0.000000000000000000e+00
1.325893234278416166e+01 2.371957922823303265e-06
1.328892992720862054e+01 2.371957922823303265e-06
1.331892751163307764e+01 1.778968442117477448e-06
1.334892509605753652e+01 1.778968442117477448e-06
1.337892268048199540e+01 2.371957922823303265e-06
1.340892026490645250e+01 5.929894807058258162e-07
1.343891784933091138e+01 5.929894807058258162e-07
1.346891543375537026e+01 1.778968442117477448e-06
1.349891301817982736e+01 1.185978961411651632e-06
1.352891060260428624e+01 1.778968442117477448e-06
1.355890818702874512e+01 5.929894807058258162e-07
1.358890577145320044e+01 1.778968442117477448e-06
1.361890335587765932e+01 1.185978961411651632e-06
1.364890094030211820e+01 1.185978961411651632e-06
1.367889852472657530e+01 0.000000000000000000e+00
1.370889610915103418e+01 5.929894807058258162e-07
1.373889369357549306e+01 1.778968442117477448e-06
1.376889127799995016e+01 1.778968442117477448e-06
1.379888886242440904e+01 4.150926364940780713e-06
1.382888644684886792e+01 1.185978961411651632e-06
1.385888403127332502e+01 5.929894807058258162e-07
1.388888161569778390e+01 1.778968442117477448e-06
1.391887920012224278e+01 1.778968442117477448e-06
1.394887678454669810e+01 1.778968442117477448e-06
1.397887436897115698e+01 5.929894807058258162e-07
1.400887195339561586e+01 1.185978961411651632e-06
1.403886953782007296e+01 1.185978961411651632e-06
1.406886712224453184e+01 1.185978961411651632e-06
1.409886470666899072e+01 1.778968442117477448e-06
1.412886229109344782e+01 2.371957922823303265e-06
1.415885987551790670e+01 5.929894807058258162e-07
1.418885745994236558e+01 0.000000000000000000e+00
1.421885504436682268e+01 1.185978961411651632e-06
1.424885262879128156e+01 5.929894807058258162e-07
1.427885021321574044e+01 5.929894807058258162e-07
1.430884779764019576e+01 1.778968442117477448e-06
1.433884538206465464e+01 0.000000000000000000e+00
1.436884296648911352e+01 0.000000000000000000e+00
1.439884055091357062e+01 5.929894807058258162e-07
1.442883813533802950e+01 1.185978961411651632e-06
1.445883571976248838e+01 5.929894807058258162e-07
1.448883330418694726e+01 1.185978961411651632e-06
1.451883088861140436e+01 5.929894807058258162e-07
1.454882847303586324e+01 0.000000000000000000e+00
1.457882605746032212e+01 0.000000000000000000e+00
1.460882364188477922e+01 0.000000000000000000e+00
1.463882122630923810e+01 1.185978961411651632e-06
1.466881881073369520e+01 1.185978961411651632e-06
1.469881639515815230e+01 0.000000000000000000e+00
1.472881397958261118e+01 5.929894807058258162e-07
1.475881156400707006e+01 0.000000000000000000e+00
1.478880914843152716e+01 1.778968442117477448e-06
1.481880673285598604e+01 0.000000000000000000e+00
1.484880431728044492e+01 0.000000000000000000e+00
1.487880190170490202e+01 5.929894807058258162e-07
1.490879948612936090e+01 0.000000000000000000e+00
1.493879707055381978e+01 5.929894807058258162e-07
1.496879465497827510e+01 5.929894807058258162e-07
1.499879223940273398e+01 5.929894807058258162e-07
1.502878982382719286e+01 0.000000000000000000e+00
1.505878740825164996e+01 0.000000000000000000e+00
1.508878499267610884e+01 0.000000000000000000e+00
1.511878257710056772e+01 0.000000000000000000e+00
1.514878016152502482e+01 1.185978961411651632e-06
1.517877774594948370e+01 0.000000000000000000e+00
1.520877533037394258e+01 0.000000000000000000e+00
1.523877291479839968e+01 0.000000000000000000e+00
1.526877049922285856e+01 0.000000000000000000e+00
1.529876808364731744e+01 0.000000000000000000e+00
1.532876566807177277e+01 0.000000000000000000e+00
1.535876325249623164e+01 0.000000000000000000e+00
1.538876083692069052e+01 0.000000000000000000e+00
1.541875842134514762e+01 0.000000000000000000e+00
1.544875600576960650e+01 0.000000000000000000e+00
1.547875359019406538e+01 0.000000000000000000e+00
1.550875117461852248e+01 5.929894807058258162e-07
1.553874875904298136e+01 0.000000000000000000e+00
1.556874634346744024e+01 5.929894807058258162e-07
1.559874392789189734e+01 5.929894807058258162e-07
1.562874151231635622e+01 0.000000000000000000e+00
1.565873909674081510e+01 0.000000000000000000e+00
1.568873668116527043e+01 5.929894807058258162e-07
1.571873426558972930e+01 0.000000000000000000e+00
1.574873185001418818e+01 0.000000000000000000e+00
1.577872943443864528e+01 0.000000000000000000e+00
1.580872701886310416e+01 0.000000000000000000e+00
1.583872460328756304e+01 0.000000000000000000e+00
1.586872218771202014e+01 0.000000000000000000e+00
1.589871977213647902e+01 0.000000000000000000e+00
1.592871735656093790e+01 0.000000000000000000e+00
1.595871494098539500e+01 0.000000000000000000e+00
1.598871252540985388e+01 5.929894807058258162e-07
1.601871010983431276e+01 5.929894807058258162e-07
1.604870769425876986e+01 0.000000000000000000e+00
1.607870527868322696e+01 5.929894807058258162e-07
1.610870286310768762e+01 0.000000000000000000e+00
1.613870044753214472e+01 0.000000000000000000e+00
1.616869803195660182e+01 0.000000000000000000e+00
1.619869561638106248e+01 0.000000000000000000e+00
1.622869320080551603e+01 0.000000000000000000e+00
1.625869078522997668e+01 0.000000000000000000e+00
1.628868836965443379e+01 0.000000000000000000e+00
1.631868595407889444e+01 0.000000000000000000e+00
1.634868353850335154e+01 0.000000000000000000e+00
1.637868112292780864e+01 0.000000000000000000e+00
1.640867870735226930e+01 0.000000000000000000e+00
1.643867629177672640e+01 0.000000000000000000e+00
1.646867387620118350e+01 0.000000000000000000e+00
1.649867146062564416e+01 0.000000000000000000e+00
1.652866904505010126e+01 0.000000000000000000e+00
1.655866662947455836e+01 0.000000000000000000e+00
1.658866421389901546e+01 1.185978961411651632e-06
1.661866179832347257e+01 0.000000000000000000e+00
1.664865938274793322e+01 0.000000000000000000e+00
1.667865696717239032e+01 0.000000000000000000e+00
1.670865455159684743e+01 0.000000000000000000e+00
1.673865213602130808e+01 0.000000000000000000e+00
1.676864972044576518e+01 5.929894807058258162e-07
1.679864730487022229e+01 0.000000000000000000e+00
1.682864488929468294e+01 0.000000000000000000e+00
1.685864247371914004e+01 0.000000000000000000e+00
1.688864005814359714e+01 0.000000000000000000e+00
1.691863764256805425e+01 0.000000000000000000e+00
1.694863522699251490e+01 0.000000000000000000e+00
1.697863281141697200e+01 0.000000000000000000e+00
1.700863039584142911e+01 0.000000000000000000e+00
1.703862798026588976e+01 0.000000000000000000e+00
1.706862556469034686e+01 0.000000000000000000e+00
1.709862314911480397e+01 0.000000000000000000e+00
1.712862073353926462e+01 5.929894807058258162e-07
1.715861831796372172e+01 0.000000000000000000e+00
1.718861590238817882e+01 0.000000000000000000e+00
1.721861348681263948e+01 0.000000000000000000e+00
1.724861107123709303e+01 0.000000000000000000e+00
1.727860865566155368e+01 0.000000000000000000e+00
1.730860624008601079e+01 0.000000000000000000e+00
1.733860382451046789e+01 0.000000000000000000e+00
1.736860140893492854e+01 0.000000000000000000e+00
1.739859899335938564e+01 0.000000000000000000e+00
1.742859657778384275e+01 0.000000000000000000e+00
1.745859416220830340e+01 0.000000000000000000e+00
1.748859174663276050e+01 0.000000000000000000e+00
1.751858933105721761e+01 0.000000000000000000e+00
1.754858691548167826e+01 0.000000000000000000e+00
1.757858449990613536e+01 0.000000000000000000e+00
1.760858208433059247e+01 0.000000000000000000e+00
1.763857966875504957e+01 0.000000000000000000e+00
1.766857725317951022e+01 0.000000000000000000e+00
1.769857483760396732e+01 0.000000000000000000e+00
1.772857242202842443e+01 5.929894807058258162e-07
1.775857000645288508e+01 0.000000000000000000e+00
1.778856759087734218e+01 0.000000000000000000e+00
1.781856517530179929e+01 0.000000000000000000e+00
1.784856275972625994e+01 0.000000000000000000e+00
1.787856034415071704e+01 0.000000000000000000e+00
1.790855792857517415e+01 5.929894807058258162e-07
1.793855551299963480e+01 0.000000000000000000e+00
1.796855309742408835e+01 0.000000000000000000e+00
1.799855068184854900e+01 0.000000000000000000e+00
1.802854826627300611e+01 0.000000000000000000e+00
1.805854585069746321e+01 0.000000000000000000e+00
1.808854343512192386e+01 0.000000000000000000e+00
1.811854101954638097e+01 0.000000000000000000e+00
1.814853860397083807e+01 0.000000000000000000e+00
1.817853618839529872e+01 0.000000000000000000e+00
1.820853377281975582e+01 0.000000000000000000e+00
1.823853135724421293e+01 0.000000000000000000e+00
1.826852894166867358e+01 0.000000000000000000e+00
1.829852652609313068e+01 0.000000000000000000e+00
1.832852411051758779e+01 0.000000000000000000e+00
1.835852169494205199e+01 0.000000000000000000e+00
1.838851927936650554e+01 5.929894807058258162e-07
