1.998668056105934454e-02 9.727665902240629769e-01
3.997334542790565576e-02 9.531501166422511329e-01
5.996001029475197391e-02 9.361052083084269171e-01
7.994667516159828513e-02 9.172398294989997369e-01
9.993334002844458941e-02 8.976824307869260000e-01
1.199200048952909214e-01 8.804132790700140987e-01
1.399066697621372257e-01 8.629958373739637922e-01
1.598933346289835300e-01 8.468008837986163995e-01
1.798799994958298343e-01 8.310532113798576592e-01
1.998666643626761386e-01 8.125109359396101016e-01
2.198533292295224706e-01 7.971635259035666499e-01
2.398399940963688026e-01 7.806792260274610928e-01
2.598266589632151069e-01 7.654825171897291503e-01
2.798133238300614112e-01 7.510863331174278956e-01
2.997999886969077155e-01 7.368601399968218724e-01
3.197866535637540197e-01 7.213403277899099741e-01
3.397733184306003795e-01 7.061086562741697437e-01
3.597599832974466283e-01 6.927939040009518656e-01
3.797466481642929881e-01 6.789402442425719331e-01
3.997333130311392368e-01 6.667008957205048381e-01
4.197199778979856521e-01 6.533355078446542175e-01
4.397066427648319009e-01 6.398845216881626774e-01
4.596933076316782052e-01 6.271448451877014163e-01
4.796799724985245650e-01 6.164607330322090517e-01
4.996666373653708693e-01 6.036451031277988433e-01
5.196533022322171735e-01 5.913418572976476550e-01
5.396399670990634778e-01 5.789397514814041967e-01
5.596266319659097821e-01 5.669571978012599711e-01
5.796132968327560864e-01 5.558366549754574226e-01
5.995999616996023907e-01 5.451392811145137074e-01
6.195866265664486949e-01 5.329915589210200144e-01
6.395732914332949992e-01 5.243256372133152654e-01
6.595599563001413035e-01 5.122791862250869466e-01
6.795466211669877188e-01 5.046874626589467061e-01
6.995332860338339120e-01 4.927880960402704069e-01
7.195199509006802163e-01 4.830467705814148194e-01
7.395066157675266316e-01 4.728207900687894094e-01
7.594932806343729359e-01 4.633193809176457401e-01
7.794799455012192402e-01 4.548560016204716838e-01
7.994666103680654334e-01 4.465589964462335915e-01
8.194532752349117377e-01 4.377508128073228644e-01
8.394399401017582640e-01 4.287774606550626144e-01
8.594266049686044573e-01 4.206215118024440591e-01
8.794132698354507616e-01 4.117651037800736935e-01
8.993999347022970658e-01 4.051402791022999383e-01
9.193865995691433701e-01 3.955810006910046583e-01
9.393732644359896744e-01 3.875058276806810365e-01
9.593599293028360897e-01 3.808026383797853964e-01
9.793465941696823940e-01 3.723935115140034613e-01
9.993332590365286983e-01 3.662714260337969763e-01
1.019319923903375003e+00 3.576911026067332577e-01
1.039306588770221307e+00 3.511422313329085609e-01
1.059293253637067611e+00 3.435553302051141955e-01
1.079279918503913915e+00 3.375526000739703658e-01
1.099266583370760220e+00 3.310013175809727315e-01
1.119253248237606524e+00 3.243499694922962195e-01
1.139239913104452828e+00 3.178637899169690639e-01
1.159226577971299132e+00 3.119490692856392022e-01
1.179213242838145437e+00 3.052410575463975762e-01
1.199199907704991741e+00 2.986596348137375845e-01
1.219186572571838045e+00 2.935080650506571298e-01
1.239173237438684350e+00 2.876512136794788788e-01
1.259159902305530654e+00 2.823790829577492167e-01
1.279146567172376958e+00 2.762340908953994090e-01
1.299133232039223262e+00 2.710849323514918918e-01
1.319119896906069567e+00 2.651147536791834125e-01
1.339106561772915871e+00 2.594676783760547223e-01
1.359093226639762397e+00 2.557736906030431689e-01
1.379079891506608702e+00 2.505630459702246626e-01
1.399066556373454784e+00 2.458298227336569164e-01
1.419053221240301088e+00 2.396149053152905051e-01
1.439039886107147392e+00 2.364550025890949092e-01
1.459026550973993697e+00 2.313902367162419260e-01
1.479013215840840223e+00 2.260554142960146951e-01
1.498999880707686527e+00 2.219189678047605307e-01
1.518986545574532832e+00 2.190110374821417627e-01
1.538973210441379136e+00 2.128431388376485767e-01
1.558959875308225440e+00 2.082196260734516247e-01
1.578946540175071744e+00 2.051694338196267953e-01
1.598933205041917827e+00 2.002975654806125050e-01
1.618919869908764353e+00 1.970508588641894931e-01
1.638906534775610435e+00 1.936474230015224618e-01
1.658893199642456961e+00 1.897918835439209584e-01
1.678879864509303488e+00 1.859664843259817846e-01
1.698866529376149570e+00 1.814165137465608701e-01
1.718853194242995874e+00 1.774367965015506698e-01
1.738839859109842179e+00 1.757007186970021562e-01
1.758826523976688483e+00 1.708831027893800147e-01
1.778813188843534565e+00 1.683223880276709383e-01
1.798799853710381091e+00 1.637278098935498194e-01
1.818786518577227618e+00 1.614395628983879560e-01
1.838773183444073700e+00 1.577347246390979618e-01
1.858759848310920226e+00 1.548002709055763537e-01
1.878746513177766309e+00 1.521672195686777640e-01
1.898733178044612613e+00 1.483852222958522982e-01
1.918719842911459139e+00 1.460583957939226574e-01
1.938706507778305221e+00 1.422233516992915392e-01
1.958693172645151748e+00 1.396445527937850706e-01
1.978679837511997830e+00 1.365919493207872759e-01
1.998666502378844356e+00 1.342181040449844653e-01
2.018653167245690216e+00 1.319612028990714003e-01
2.038639832112536965e+00 1.291979457268316589e-01
2.058626496979383269e+00 1.273147835527311256e-01
2.078613161846229573e+00 1.239125532996506185e-01
2.098599826713075878e+00 1.218473440779897776e-01
2.118586491579922182e+00 1.198496489931724918e-01
2.138573156446768486e+00 1.177663556277142587e-01
2.158559821313614790e+00 1.146293594836619995e-01
2.178546486180461095e+00 1.120457381398095725e-01
2.198533151047307399e+00 1.100468374454058040e-01
2.218519815914153703e+00 1.074704497590723284e-01
2.238506480781000008e+00 1.056077829479421526e-01
2.258493145647846312e+00 1.033279752198857371e-01
2.278479810514692616e+00 1.017992622642138467e-01
2.298466475381538920e+00 9.958937989217395148e-02
2.318453140248385225e+00 9.769898406055445295e-02
2.338439805115231529e+00 9.616665427612308692e-02
2.358426469982077833e+00 9.453064206725340923e-02
2.378413134848924138e+00 9.231714286645403833e-02
2.398399799715770442e+00 9.044000874028594594e-02
2.418386464582616746e+00 8.823133197783256110e-02
2.438373129449463494e+00 8.661340391276024786e-02
2.458359794316309355e+00 8.484959708772242537e-02
2.478346459183155659e+00 8.358732385066526549e-02
2.498333124050001963e+00 8.183918995025184218e-02
2.518319788916848267e+00 7.991865387897002793e-02
2.538306453783694572e+00 7.859851138176125740e-02
2.558293118650540876e+00 7.668400335841192572e-02
2.578279783517387624e+00 7.510465480010736217e-02
2.598266448384233485e+00 7.378933474124456382e-02
2.618253113251080233e+00 7.251379979873598391e-02
2.638239778117926093e+00 7.046908594004551440e-02
2.658226442984772397e+00 6.911880320317444204e-02
2.678213107851618702e+00 6.824714747214070953e-02
2.698199772718465006e+00 6.653277064014903597e-02
2.718186437585311754e+00 6.553934834087961347e-02
2.738173102452157615e+00 6.397808392637244213e-02
2.758159767319004363e+00 6.294608212033526995e-02
2.778146432185850223e+00 6.177061277350553298e-02
2.798133097052696971e+00 6.027565688625542012e-02
2.818119761919543276e+00 5.913394460784746759e-02
2.838106426786389136e+00 5.785961527492539808e-02
2.858093091653235884e+00 5.739183875536648521e-02
2.878079756520081744e+00 5.648642595591097521e-02
2.898066421386928493e+00 5.481424545944653393e-02
2.918053086253774353e+00 5.387989802991521165e-02
2.938039751120621101e+00 5.258507333402277772e-02
2.958026415987467406e+00 5.116124841237569554e-02
2.978013080854313710e+00 5.055000435202423176e-02
2.997999745721160014e+00 4.957225497737919456e-02
3.017986410588005874e+00 4.822920589802708047e-02
3.037973075454852623e+00 4.749619526943992670e-02
3.057959740321698927e+00 4.705976459912981219e-02
3.077946405188545675e+00 4.595180938914363716e-02
3.097933070055391092e+00 4.493789172690384331e-02
3.117919734922237840e+00 4.424466621467092881e-02
3.137906399789083256e+00 4.348513217518094887e-02
3.157893064655930448e+00 4.188408264431953826e-02
3.177879729522777197e+00 4.172976461724856034e-02
3.197866394389622613e+00 4.060854770181097223e-02
3.217853059256469361e+00 3.962235906006049413e-02
3.237839724123316110e+00 3.847944117206605202e-02
3.257826388990161526e+00 3.795500100194201809e-02
3.277813053857008274e+00 3.734857937993653343e-02
3.297799718723855023e+00 3.665173703894413632e-02
3.317786383590700439e+00 3.568122132181805045e-02
3.337773048457547187e+00 3.523273455564301937e-02
3.357759713324393935e+00 3.453348099547764311e-02
3.377746378191239351e+00 3.369317111369269507e-02
3.397733043058086544e+00 3.351594650447837359e-02
3.417719707924931960e+00 3.238990715069482024e-02
3.437706372791778708e+00 3.189560722023308814e-02
3.457693037658625457e+00 3.140854094729030738e-02
3.477679702525470873e+00 3.076353981851707303e-02
3.497666367392317621e+00 3.000641699820007918e-02
3.517653032259164370e+00 2.919745296566392950e-02
3.537639697126009786e+00 2.882250838426490824e-02
3.557626361992856534e+00 2.809432019402372319e-02
3.577613026859703282e+00 2.785319827672531542e-02
3.597599691726548699e+00 2.716841203159784529e-02
3.617586356593395447e+00 2.664156064230082874e-02
3.637573021460242639e+00 2.608818584210098948e-02
3.657559686327088055e+00 2.562884858964752793e-02
3.677546351193934804e+00 2.524908156990253449e-02
3.697533016060780220e+00 2.463783750955107765e-02
3.717519680927626968e+00 2.427133219525750077e-02
3.737506345794473717e+00 2.344910645726994147e-02
3.757493010661319133e+00 2.362994789524374556e-02
3.777479675528165881e+00 2.233994563769727687e-02
3.797466340395012629e+00 2.236526343901361000e-02
3.817453005261858046e+00 2.166842109802121635e-02
3.837439670128704794e+00 2.144297210534720777e-02
3.857426334995551542e+00 2.085342901755260492e-02
3.877412999862397402e+00 2.033622250494752232e-02
3.897399664729244151e+00 2.031572714197716137e-02
3.917386329596090899e+00 1.971653917749062457e-02
3.937372994462936315e+00 1.925599631545066651e-02
3.957359659329783064e+00 1.872673370698066733e-02
3.977346324196629812e+00 1.846873325547137429e-02
3.997332989063475228e+00 1.802024648929633974e-02
4.017319653930321977e+00 1.799613429756649965e-02
4.037306318797167393e+00 1.764530190789731848e-02
4.057292983664014585e+00 1.714015149115715939e-02
4.077279648530860889e+00 1.669528155374160050e-02
4.097266313397706305e+00 1.643607549264581441e-02
4.117252978264553498e+00 1.594539239094355798e-02
4.137239643131399802e+00 1.570788730240462935e-02
4.157226307998245218e+00 1.568498072026128232e-02
4.177212972865092411e+00 1.518947518021305891e-02
4.197199637731938715e+00 1.493268033829025718e-02
4.217186302598784131e+00 1.464333403753216925e-02
4.237172967465631324e+00 1.445043650369344512e-02
4.257159632332478516e+00 1.393925803902082428e-02
4.277146297199323932e+00 1.362338832735991365e-02
4.297132962066170236e+00 1.361977149860043798e-02
4.317119626933015653e+00 1.332078032115041437e-02
4.337106291799862845e+00 1.301214426700845507e-02
4.357092956666709149e+00 1.272641479500984454e-02
4.377079621533554565e+00 1.231409631642957012e-02
4.397066286400401758e+00 1.196929197469285243e-02
4.417052951267248062e+00 1.187284320777348863e-02
4.437039616134093478e+00 1.185958150232207728e-02
4.457026281000940671e+00 1.154130057148818229e-02
4.477012945867787863e+00 1.114103818877282791e-02
4.496999610734633279e+00 1.124230939403815868e-02
4.516986275601479583e+00 1.079382262786312413e-02
4.536972940468326776e+00 1.051894364214294234e-02
4.556959605335172192e+00 1.044299023819394469e-02
4.576946270202018496e+00 1.012470930736004970e-02
4.596932935068863912e+00 9.942662259799754307e-03
4.616919599935711105e+00 9.854652759985834884e-03
4.636906264802557409e+00 9.470063301894877938e-03
4.656892929669402825e+00 9.359147219937611478e-03
4.676879594536250018e+00 9.128875788917634182e-03
4.696866259403097210e+00 9.307306007718453914e-03
4.716852924269942626e+00 8.887753871619229890e-03
4.736839589136788931e+00 8.540538310709524378e-03
4.756826254003636123e+00 8.558622454506906174e-03
4.776812918870481539e+00 8.289771516719182665e-03
4.796799583737327843e+00 8.187294701867360580e-03
4.816786248604175036e+00 8.195733968972804956e-03
4.836772913471020452e+00 8.065528133631665389e-03
4.856759578337866756e+00 7.670088189262281447e-03
4.876746243204713949e+00 7.619452586629615193e-03
4.896732908071559365e+00 7.369891402225765657e-03
4.916719572938405669e+00 7.332517505044512489e-03
4.936706237805251085e+00 7.155292895830184935e-03
4.956692902672098278e+00 6.922610245637223284e-03
4.976679567538945470e+00 6.912965368945286730e-03
4.996666232405790886e+00 6.732123930971482643e-03
5.016652897272637190e+00 6.503058109537997525e-03
5.036639562139484383e+00 6.441572020626904274e-03
5.056626227006329799e+00 6.313777404458749062e-03
5.076612891873176103e+00 6.130524747311961488e-03
5.096599556740023296e+00 6.101590117236152695e-03
5.116586221606868712e+00 6.013580617422234140e-03
5.136572886473715016e+00 6.014786227008727185e-03
5.156559551340562209e+00 5.686860419482895647e-03
5.176546216207407625e+00 5.677215542790958226e-03
5.196532881074254817e+00 5.427654358387108691e-03
5.216519545941100233e+00 5.498785323990138495e-03
5.236506210807946537e+00 5.303476570978430012e-03
5.256492875674793730e+00 5.273336331316129041e-03
5.276479540541639146e+00 4.997251736009455068e-03
5.296466205408485450e+00 4.970728325106630631e-03
5.316452870275332643e+00 4.883924434879205120e-03
5.336439535142178059e+00 4.711522264010844542e-03
5.356426200009024363e+00 4.530680826037040455e-03
5.376412864875871556e+00 4.507774243893691683e-03
5.396399529742716972e+00 4.599400572467085904e-03
5.416386194609564164e+00 4.528269606864056100e-03
5.436372859476410468e+00 4.367923531860616430e-03
5.456359524343255885e+00 4.322110367573919754e-03
5.476346189210103077e+00 4.113539909110799052e-03
5.496332854076948493e+00 4.001418217567040414e-03
5.516319518943794797e+00 4.073754792756561528e-03
5.536306183810641990e+00 4.046025772267244913e-03
5.556292848677487406e+00 3.898941402715217896e-03
5.576279513544333710e+00 3.643352170378907906e-03
5.596266178411180903e+00 3.616828759476083035e-03
5.616252843278026319e+00 3.661436314176288401e-03
5.636239508144872623e+00 3.556548280151481962e-03
5.656226173011719816e+00 3.538464136354101466e-03
5.676212837878565232e+00 3.448043417367199423e-03
5.696199502745412424e+00 3.328688068304488587e-03
5.716186167612258728e+00 3.306987095747632426e-03
5.736172832479104144e+00 3.114089561908907865e-03
5.756159497345951337e+00 3.134584924879272282e-03
5.776146162212797641e+00 3.024874452508497999e-03
5.796132827079643057e+00 2.959771534837928215e-03
5.816119491946490250e+00 2.909135932205263262e-03
5.836106156813335666e+00 2.872967644610502271e-03
5.856092821680181970e+00 2.851266672053645677e-03
5.876079486547029163e+00 2.734322542163918762e-03
5.896066151413874579e+00 2.584826953438907823e-03
5.916052816280721771e+00 2.677658891598793788e-03
5.936039481147568075e+00 2.601705487649795707e-03
5.956026146014413492e+00 2.666808405320365491e-03
5.976012810881260684e+00 2.567948419228019072e-03
5.995999475748106988e+00 2.560714761709066874e-03
6.015986140614952404e+00 2.382284542908247142e-03
6.035972805481799597e+00 2.426892097608452075e-03
6.055959470348645901e+00 2.334060159448566110e-03
6.075946135215491317e+00 2.344910645726993974e-03
6.095932800082338510e+00 2.153218721474761590e-03
6.115919464949183926e+00 2.200237495347950444e-03
6.135906129816031118e+00 2.226760906250775315e-03
6.155892794682877422e+00 2.104994338015080558e-03
6.175879459549722839e+00 2.010956790268702415e-03
6.195866124416570031e+00 2.056769954555399526e-03
6.215852789283415447e+00 1.990461427298337999e-03
6.235839454150261751e+00 1.941031434252164789e-03
6.255826119017108944e+00 1.928975338387244314e-03
6.275812783883954360e+00 1.991667036884829742e-03
6.295799448750800664e+00 1.895218269965467462e-03
6.315786113617647857e+00 1.795152674286629516e-03
6.335772778484493273e+00 1.736077804548519969e-03
6.355759443351339577e+00 1.701115126540251156e-03
6.375746108218186770e+00 1.656507571840046223e-03
6.395732773085032186e+00 1.631189770523713530e-03
6.415719437951879378e+00 1.562470024093668081e-03
6.435706102818725682e+00 1.574526119958588339e-03
6.455692767685571098e+00 1.604666359620888876e-03
6.475679432552418291e+00 1.563675633680160042e-03
6.495666097419263707e+00 1.480488572212210197e-03
6.515652762286110011e+00 1.474460524279749959e-03
6.535639427152957204e+00 1.403329558676720372e-03
6.555626092019802620e+00 1.473254914693257998e-03
6.575612756886648924e+00 1.367161271081959381e-03
6.595599421753496117e+00 1.340637860179134944e-03
6.615586086620341533e+00 1.322553716381754448e-03
6.635572751487188725e+00 1.273123723335581456e-03
6.655559416354035029e+00 1.259862017884169020e-03
6.675546081220880446e+00 1.285179819200501497e-03
6.695532746087727638e+00 1.201992757732551651e-03
6.715519410954573942e+00 1.247805922019248545e-03
6.735506075821419358e+00 1.232132997394852405e-03
6.755492740688266551e+00 1.183908613935171156e-03
6.775479405555111967e+00 1.099515942880729350e-03
6.795466070421958271e+00 1.127244963370045965e-03
6.815452735288805464e+00 1.093487894948269113e-03
6.835439400155650880e+00 1.080226189496856894e-03
6.855426065022498072e+00 1.005478395134351208e-03
6.875412729889344376e+00 1.000655956788382931e-03
6.895399394756189793e+00 1.036824244383143922e-03
6.915386059623036985e+00 9.295249911853534523e-04
6.935372724489883289e+00 8.981791419365607381e-04
6.955359389356728705e+00 9.114408473879729569e-04
6.975346054223575898e+00 9.873942513369707123e-04
6.995332719090422202e+00 8.969735323500685606e-04
7.015319383957267618e+00 8.668332926877679156e-04
7.035306048824114811e+00 8.499547584768795978e-04
7.055292713690961115e+00 8.463379297174033903e-04
7.075279378557806531e+00 8.330762242659911715e-04
7.095266043424653724e+00 8.800949981391802427e-04
7.115252708291499140e+00 7.848518408063100311e-04
7.135239373158346332e+00 7.884686695657862386e-04
7.155226038025192636e+00 7.969079366712303976e-04
7.175212702892038052e+00 7.547116011440093862e-04
7.195199367758885245e+00 6.896086834734399280e-04
7.215186032625731549e+00 7.197489231357405729e-04
7.235172697492576965e+00 7.257769710682008104e-04
7.255159362359424158e+00 6.450011287732348867e-04
7.275146027226270462e+00 6.739357588490434625e-04
7.295132692093115878e+00 6.630852725706152737e-04
7.315119356959963071e+00 6.787581971950116307e-04
7.335106021826810263e+00 6.727301492625515017e-04
7.355092686693655679e+00 6.317394233218225595e-04
7.375079351560501983e+00 6.293282041488385296e-04
7.395066016427347400e+00 5.762813823431893294e-04
7.415052681294194592e+00 6.389730808407747577e-04
7.435039346161040896e+00 6.329450329083145203e-04
7.455026011027886312e+00 5.473467522673806452e-04
7.475012675894733505e+00 5.654308960647610321e-04
7.494999340761579809e+00 5.425243139214124769e-04
7.514986005628425225e+00 5.208233413645559908e-04
7.534972670495272418e+00 5.208233413645559908e-04
7.554959335362119610e+00 5.377018755754443087e-04
7.574946000228965026e+00 5.039448071536675646e-04
7.594932665095811331e+00 4.774213962508429645e-04
7.614919329962658523e+00 4.906831017022552375e-04
7.634905994829503939e+00 4.388418894830980522e-04
7.654892659696350243e+00 5.172065126050798918e-04
7.674879324563197436e+00 4.689821291453987514e-04
7.694865989430042852e+00 4.906831017022552375e-04
7.714852654296889156e+00 4.545148141074944635e-04
7.734839319163734572e+00 4.099072594072894764e-04
7.754825984030581765e+00 4.038792114748293474e-04
7.774812648897428069e+00 4.448699374155582354e-04
7.794799313764274373e+00 3.990567731288612334e-04
7.814785978631120678e+00 3.990567731288612334e-04
7.834772643497967870e+00 4.014679923018452633e-04
7.854759308364813286e+00 3.761501909855126781e-04
7.874745973231659590e+00 3.894118964369250053e-04
7.894732638098506783e+00 3.857950676774489062e-04
7.914719302965352199e+00 3.942343347828931193e-04
7.934705967832198503e+00 3.435987321502279490e-04
7.954692632699045696e+00 3.580660471881322911e-04
7.974679297565891112e+00 3.182809308338953639e-04
7.994665962432737416e+00 3.303370266988156219e-04
8.014652627299582832e+00 2.977855678635308928e-04
8.034639292166430025e+00 3.050192253824830367e-04
8.054625957033277217e+00 3.170753212474033489e-04
8.074612621900122633e+00 3.206921500068793938e-04
8.094599286766969826e+00 3.110472733149431657e-04
8.114585951633815242e+00 2.821126432391345357e-04
8.134572616500660658e+00 2.869350815851026497e-04
8.154559281367507850e+00 2.700565473742142235e-04
8.174545946234355043e+00 2.483555748173576832e-04
8.194532611101200459e+00 2.760845953066743525e-04
8.214519275968047651e+00 2.917575199310707638e-04
8.234505940834893067e+00 2.652341090282461095e-04
8.254492605701738484e+00 2.519724035768337823e-04
8.274479270568585676e+00 2.724677665471983076e-04
8.294465935435431092e+00 2.628228898552620253e-04
8.314452600302278285e+00 2.700565473742142235e-04
8.334439265169125477e+00 2.387106981254214823e-04
8.354425930035970893e+00 2.580004515092939113e-04
8.374412594902818086e+00 2.387106981254214823e-04
8.394399259769663502e+00 2.423275268848975813e-04
8.414385924636508918e+00 2.242433830875171401e-04
8.434372589503356110e+00 2.266546022605011972e-04
8.454359254370203303e+00 2.278602118469932392e-04
8.474345919237048719e+00 2.001311913576766242e-04
8.494332584103895911e+00 2.302714310199772962e-04
8.514319248970743104e+00 1.916919242522324381e-04
8.534305913837588520e+00 1.699909516953759250e-04
8.554292578704433936e+00 1.977199721846925671e-04
8.574279243571281128e+00 2.049536297036447382e-04
8.594265908438126544e+00 1.651685133494078109e-04
8.614252573304973737e+00 1.856638763197722820e-04
8.634239238171819153e+00 1.507011983115034688e-04
8.654225903038666345e+00 1.639629037629157960e-04
8.674212567905511762e+00 1.760189996278360540e-04
8.694199232772357178e+00 1.507011983115034688e-04
8.714185897639204370e+00 1.555236366574715829e-04
8.734172562506051563e+00 1.398507120330752258e-04
8.754159227372896979e+00 1.494955887250114539e-04
8.774145892239744171e+00 1.446731503790433398e-04
8.794132557106591364e+00 1.434675407925513249e-04
8.814119221973436780e+00 1.422619312060592828e-04
8.834105886840282196e+00 1.422619312060592828e-04
8.854092551707129388e+00 1.326170545141230547e-04
8.874079216573974804e+00 1.531124174844875258e-04
8.894065881440821997e+00 1.398507120330752258e-04
8.914052546307667413e+00 1.181497394762187126e-04
8.934039211174514605e+00 1.314114449276310127e-04
8.954025876041360021e+00 1.157385203032346556e-04
8.974012540908205438e+00 1.350282736871071118e-04
8.993999205775052630e+00 1.241777874086788416e-04
9.013985870641899822e+00 1.157385203032346556e-04
9.033972535508745239e+00 1.085048627842824981e-04
9.053959200375592431e+00 1.157385203032346556e-04
9.073945865242439623e+00 9.885998609234628357e-05
9.093932530109285040e+00 1.072992531977904696e-04
9.113919194976130456e+00 1.012712052653303406e-04
9.133905859842977648e+00 1.072992531977904696e-04
9.153892524709823064e+00 1.085048627842824981e-04
9.173879189576670257e+00 9.403754774637816953e-05
9.193865854443515673e+00 1.169441298897266841e-04
9.213852519310362865e+00 1.157385203032346556e-04
9.233839184177210058e+00 9.162632857339411251e-05
9.253825849044055474e+00 8.800949981391802698e-05
9.273812513910900890e+00 6.992535601653761289e-05
9.293799178777748082e+00 8.800949981391802698e-05
9.313785843644593498e+00 8.680389022742601203e-05
9.333772508511440691e+00 9.885998609234628357e-05
9.353759173378287883e+00 9.885998609234628357e-05
9.373745838245133299e+00 7.354218477601369842e-05
9.393732503111978716e+00 9.283193815988614102e-05
9.413719167978825908e+00 8.921510940041005549e-05
9.433705832845671324e+00 8.559828064093398352e-05
9.453692497712518517e+00 7.354218477601369842e-05
9.473679162579365709e+00 7.354218477601369842e-05
9.493665827446211125e+00 7.595340394899775544e-05
9.513652492313058318e+00 7.595340394899775544e-05
9.533639157179903734e+00 9.162632857339411251e-05
9.553625822046749150e+00 7.595340394899775544e-05
9.573612486913596342e+00 6.871974643004558438e-05
9.593599151780441758e+00 7.113096560302964140e-05
9.613585816647288951e+00 6.510291767056949886e-05
9.633572481514136143e+00 7.836462312198181246e-05
9.653559146380981559e+00 5.425243139214124905e-05
9.673545811247826975e+00 6.871974643004558438e-05
9.693532476114674168e+00 5.907486973810935631e-05
9.713519140981519584e+00 5.545804097863327078e-05
9.733505805848366776e+00 6.871974643004558438e-05
9.753492470715213969e+00 5.666365056512529929e-05
9.773479135582059385e+00 6.269169849758544184e-05
9.793465800448906577e+00 4.581316428669705626e-05
9.813452465315751994e+00 7.474779436250572693e-05
9.833439130182597410e+00 4.822438345968111328e-05
9.853425795049444602e+00 6.389730808407747035e-05
9.873412459916290018e+00 6.028047932460138482e-05
9.893399124783137211e+00 4.822438345968111328e-05
9.913385789649984403e+00 6.148608891109341333e-05
9.933372454516829819e+00 3.737389718125286347e-05
9.953359119383677012e+00 6.028047932460138482e-05
9.973345784250522428e+00 4.340194511371300601e-05
9.993332449117367844e+00 5.304682180564922054e-05
1.001331911398421504e+01 4.219633552722097750e-05
1.003330577885106223e+01 3.857950676774489198e-05
1.005329244371790764e+01 4.219633552722097750e-05
1.007327910858475484e+01 4.340194511371300601e-05
1.009326577345160025e+01 3.375706842177677794e-05
1.011325243831844567e+01 4.942999304617314179e-05
1.013323910318529286e+01 4.099072594072894899e-05
1.015322576805213828e+01 4.460755470020502775e-05
1.017321243291898547e+01 2.893463007580866390e-05
1.019319909778583266e+01 3.134584924879272092e-05
1.021318576265267808e+01 3.255145883528474943e-05
1.023317242751952527e+01 4.340194511371300601e-05
1.025315909238637069e+01 3.857950676774489198e-05
1.027314575725321610e+01 3.014023966230069241e-05
1.029313242212006330e+01 3.496267800826880645e-05
1.031311908698691049e+01 3.857950676774489198e-05
1.033310575185375590e+01 3.496267800826880645e-05
1.035309241672060310e+01 3.857950676774489198e-05
1.037307908158744851e+01 3.857950676774489198e-05
1.039306574645429393e+01 3.375706842177677794e-05
1.041305241132114112e+01 2.772902048931663539e-05
1.043303907618798654e+01 3.134584924879272092e-05
1.045302574105483373e+01 3.616828759476083496e-05
1.047301240592168092e+01 2.049536297036447450e-05
1.049299907078852634e+01 2.170097255685650301e-05
1.051298573565537353e+01 2.893463007580866390e-05
1.053297240052221895e+01 3.014023966230069241e-05
1.055295906538906436e+01 2.411219172984055664e-05
1.057294573025591156e+01 3.014023966230069241e-05
1.059293239512275875e+01 1.808414379738041748e-05
1.061291905998960416e+01 2.411219172984055664e-05
1.063290572485645136e+01 2.411219172984055664e-05
1.065289238972329855e+01 3.014023966230069241e-05
1.067287905459014397e+01 1.808414379738041748e-05
1.069286571945698938e+01 1.446731503790433195e-05
1.071285238432383480e+01 2.531780131633258515e-05
1.073283904919068199e+01 1.928975338387244599e-05
1.075282571405752918e+01 2.170097255685650301e-05
1.077281237892437460e+01 2.049536297036447450e-05
1.079279904379122179e+01 1.928975338387244599e-05
1.081278570865806721e+01 2.290658214334852813e-05
1.083277237352491262e+01 1.928975338387244599e-05
1.085275903839175982e+01 1.205609586492027832e-05
1.087274570325860701e+01 1.687853421088838897e-05
1.089273236812545242e+01 1.567292462439636046e-05
1.091271903299229962e+01 1.326170545141230513e-05
1.093270569785914681e+01 2.049536297036447450e-05
1.095269236272599223e+01 1.446731503790433195e-05
1.097267902759283764e+01 1.567292462439636046e-05
1.099266569245968306e+01 2.411219172984055664e-05
1.101265235732653025e+01 1.687853421088838897e-05
1.103263902219337744e+01 1.567292462439636046e-05
1.105262568706022286e+01 1.687853421088838897e-05
1.107261235192707005e+01 9.644876691936222994e-06
1.109259901679391547e+01 1.446731503790433195e-05
1.111258568166076088e+01 1.567292462439636046e-05
1.113257234652760808e+01 1.446731503790433195e-05
1.115255901139445527e+01 1.205609586492027832e-05
1.117254567626130068e+01 1.085048627842825150e-05
1.119253234112814788e+01 1.687853421088838897e-05
1.121251900599499507e+01 1.808414379738041748e-05
1.123250567086184049e+01 8.439267105444194484e-06
1.125249233572868590e+01 1.085048627842825150e-05
1.127247900059553309e+01 1.326170545141230513e-05
1.129246566546237851e+01 1.808414379738041748e-05
1.131245233032922570e+01 1.205609586492027832e-05
1.133243899519607112e+01 8.439267105444194484e-06
1.135242566006291831e+01 7.233657518952165975e-06
1.137241232492976550e+01 1.567292462439636046e-05
1.139239898979661092e+01 8.439267105444194484e-06
1.141238565466345634e+01 1.085048627842825150e-05
1.143237231953030353e+01 9.644876691936222994e-06
1.145235898439714894e+01 1.567292462439636046e-05
1.147234564926399614e+01 1.446731503790433195e-05
1.149233231413084333e+01 9.644876691936222994e-06
1.151231897899768875e+01 1.205609586492027832e-05
1.153230564386453416e+01 7.233657518952165975e-06
1.155229230873138135e+01 8.439267105444194484e-06
1.157227897359822677e+01 9.644876691936222994e-06
1.159226563846507396e+01 1.085048627842825150e-05
1.161225230333191938e+01 3.616828759476082987e-06
1.163223896819876657e+01 1.205609586492027832e-05
1.165222563306561376e+01 1.085048627842825150e-05
1.167221229793245918e+01 7.233657518952165975e-06
1.169219896279930460e+01 6.028047932460139159e-06
1.171218562766615179e+01 9.644876691936222994e-06
1.173217229253299720e+01 8.439267105444194484e-06
1.175215895739984440e+01 7.233657518952165975e-06
1.177214562226669159e+01 2.411219172984055748e-06
1.179213228713353701e+01 6.028047932460139159e-06
1.181211895200038242e+01 9.644876691936222994e-06
1.183210561686722961e+01 8.439267105444194484e-06
1.185209228173407503e+01 6.028047932460139159e-06
1.187207894660092222e+01 1.085048627842825150e-05
1.189206561146776764e+01 1.205609586492027874e-06
1.191205227633461483e+01 1.326170545141230513e-05
1.193203894120146202e+01 9.644876691936222994e-06
1.195202560606830744e+01 6.028047932460139159e-06
1.197201227093515286e+01 9.644876691936222994e-06
1.199199893580200005e+01 1.205609586492027874e-06
1.201198560066884546e+01 2.411219172984055748e-06
1.203197226553569266e+01 8.439267105444194484e-06
1.205195893040253985e+01 4.822438345968111497e-06
1.207194559526938527e+01 1.205609586492027832e-05
1.209193226013623246e+01 7.233657518952165975e-06
1.211191892500307787e+01 3.616828759476082987e-06
1.213190558986992329e+01 2.411219172984055748e-06
1.215189225473677048e+01 4.822438345968111497e-06
1.217187891960361767e+01 4.822438345968111497e-06
1.219186558447046309e+01 3.616828759476082987e-06
1.221185224933731028e+01 2.411219172984055748e-06
1.223183891420415570e+01 1.205609586492027874e-06
1.225182557907100467e+01 2.411219172984055748e-06
1.227181224393785008e+01 0.000000000000000000e+00
1.229179890880469550e+01 9.644876691936222994e-06
1.231178557367154447e+01 8.439267105444194484e-06
1.233177223853838989e+01 3.616828759476082987e-06
1.235175890340523530e+01 3.616828759476082987e-06
1.237174556827208072e+01 1.205609586492027874e-06
1.239173223313892791e+01 3.616828759476082987e-06
1.241171889800577333e+01 1.205609586492027874e-06
1.243170556287261874e+01 4.822438345968111497e-06
1.245169222773946771e+01 6.028047932460139159e-06
1.247167889260631313e+01 0.000000000000000000e+00
1.249166555747315854e+01 8.439267105444194484e-06
1.251165222234000574e+01 3.616828759476082987e-06
1.253163888720685115e+01 4.822438345968111497e-06
1.255162555207369657e+01 3.616828759476082987e-06
1.257161221694054554e+01 4.822438345968111497e-06
1.259159888180739095e+01 4.822438345968111497e-06
1.261158554667423637e+01 2.411219172984055748e-06
1.263157221154108356e+01 4.822438345968111497e-06
1.265155887640792898e+01 3.616828759476082987e-06
1.267154554127477439e+01 6.028047932460139159e-06
1.269153220614162336e+01 3.616828759476082987e-06
1.271151887100846878e+01 3.616828759476082987e-06
1.273150553587531419e+01 3.616828759476082987e-06
1.275149220074216139e+01 1.205609586492027874e-06
1.277147886560900858e+01 1.205609586492027874e-06
1.279146553047585400e+01 2.411219172984055748e-06
1.281145219534270119e+01 4.822438345968111497e-06
1.283143886020954660e+01 2.411219172984055748e-06
1.285142552507639202e+01 1.205609586492027874e-06
1.287141218994324099e+01 0.000000000000000000e+00
1.289139885481008641e+01 1.205609586492027874e-06
1.291138551967693182e+01 8.439267105444194484e-06
1.293137218454377901e+01 3.616828759476082987e-06
1.295135884941062443e+01 2.411219172984055748e-06
1.297134551427746985e+01 0.000000000000000000e+00
1.299133217914431526e+01 1.205609586492027874e-06
1.301131884401116423e+01 2.411219172984055748e-06
1.303130550887800965e+01 1.205609586492027874e-06
1.305129217374485506e+01 2.411219172984055748e-06
1.307127883861170226e+01 1.205609586492027874e-06
1.309126550347854767e+01 0.000000000000000000e+00
1.311125216834539309e+01 1.205609586492027874e-06
1.313123883321224206e+01 0.000000000000000000e+00
1.315122549807908747e+01 2.411219172984055748e-06
1.317121216294593289e+01 2.411219172984055748e-06
1.319119882781278008e+01 1.205609586492027874e-06
1.321118549267962550e+01 2.411219172984055748e-06
1.323117215754647091e+01 3.616828759476082987e-06
1.325115882241331988e+01 1.205609586492027874e-06
1.327114548728016530e+01 1.205609586492027874e-06
1.329113215214701071e+01 0.000000000000000000e+00
1.331111881701385968e+01 0.000000000000000000e+00
1.333110548188070510e+01 3.616828759476082987e-06
1.335109214674755052e+01 1.205609586492027874e-06
1.337107881161439771e+01 2.411219172984055748e-06
1.339106547648124312e+01 1.205609586492027874e-06
1.341105214134808854e+01 2.411219172984055748e-06
1.343103880621493751e+01 0.000000000000000000e+00
1.345102547108178292e+01 2.411219172984055748e-06
1.347101213594862834e+01 3.616828759476082987e-06
1.349099880081547553e+01 3.616828759476082987e-06
1.351098546568232095e+01 1.205609586492027874e-06
1.353097213054916637e+01 2.411219172984055748e-06
1.355095879541601178e+01 0.000000000000000000e+00
1.357094546028286075e+01 1.205609586492027874e-06
1.359093212514970617e+01 0.000000000000000000e+00
1.361091879001655158e+01 1.205609586492027874e-06
1.363090545488339878e+01 0.000000000000000000e+00
1.365089211975024419e+01 2.411219172984055748e-06
1.367087878461708961e+01 1.205609586492027874e-06
1.369086544948393858e+01 1.205609586492027874e-06
1.371085211435078399e+01 2.411219172984055748e-06
1.373083877921762941e+01 0.000000000000000000e+00
1.375082544408447838e+01 1.205609586492027874e-06
1.377081210895132379e+01 0.000000000000000000e+00
1.379079877381816921e+01 2.411219172984055748e-06
1.381078543868501640e+01 2.411219172984055748e-06
1.383077210355186182e+01 0.000000000000000000e+00
1.385075876841870723e+01 1.205609586492027874e-06
1.387074543328555620e+01 0.000000000000000000e+00
1.389073209815240162e+01 1.205609586492027874e-06
1.391071876301924704e+01 1.205609586492027874e-06
1.393070542788609423e+01 0.000000000000000000e+00
1.395069209275293964e+01 0.000000000000000000e+00
1.397067875761978506e+01 0.000000000000000000e+00
1.399066542248663403e+01 1.205609586492027874e-06
1.401065208735347944e+01 0.000000000000000000e+00
1.403063875222032486e+01 1.205609586492027874e-06
1.405062541708717205e+01 0.000000000000000000e+00
1.407061208195401747e+01 0.000000000000000000e+00
1.409059874682086289e+01 1.205609586492027874e-06
1.411058541168771185e+01 0.000000000000000000e+00
1.413057207655455727e+01 0.000000000000000000e+00
1.415055874142140269e+01 0.000000000000000000e+00
1.417054540628824810e+01 2.411219172984055748e-06
1.419053207115509707e+01 0.000000000000000000e+00
1.421051873602194249e+01 0.000000000000000000e+00
1.423050540088878790e+01 0.000000000000000000e+00
1.425049206575563510e+01 1.205609586492027874e-06
1.427047873062248051e+01 0.000000000000000000e+00
1.429046539548932593e+01 1.205609586492027874e-06
1.431045206035617490e+01 0.000000000000000000e+00
1.433043872522302031e+01 1.205609586492027874e-06
1.435042539008986573e+01 0.000000000000000000e+00
1.437041205495671292e+01 0.000000000000000000e+00
1.439039871982355834e+01 0.000000000000000000e+00
1.441038538469040375e+01 3.616828759476082987e-06
1.443037204955725272e+01 0.000000000000000000e+00
1.445035871442409814e+01 0.000000000000000000e+00
1.447034537929094355e+01 0.000000000000000000e+00
1.449033204415779075e+01 0.000000000000000000e+00
1.451031870902463616e+01 1.205609586492027874e-06
1.453030537389148158e+01 0.000000000000000000e+00
1.455029203875833055e+01 1.205609586492027874e-06
1.457027870362517596e+01 1.205609586492027874e-06
1.459026536849202138e+01 1.205609586492027874e-06
1.461025203335886857e+01 0.000000000000000000e+00
1.463023869822571399e+01 0.000000000000000000e+00
1.465022536309255941e+01 1.205609586492027874e-06
1.467021202795940837e+01 0.000000000000000000e+00
1.469019869282625379e+01 1.205609586492027874e-06
1.471018535769309921e+01 0.000000000000000000e+00
1.473017202255994818e+01 0.000000000000000000e+00
1.475015868742679359e+01 0.000000000000000000e+00
1.477014535229363901e+01 0.000000000000000000e+00
1.479013201716048442e+01 0.000000000000000000e+00
1.481011868202733162e+01 0.000000000000000000e+00
1.483010534689417703e+01 1.205609586492027874e-06
1.485009201176102245e+01 0.000000000000000000e+00
1.487007867662787142e+01 1.205609586492027874e-06
1.489006534149471683e+01 0.000000000000000000e+00
1.491005200636156225e+01 0.000000000000000000e+00
1.493003867122840944e+01 0.000000000000000000e+00
1.495002533609525486e+01 0.000000000000000000e+00
1.497001200096210027e+01 0.000000000000000000e+00
1.498999866582894924e+01 1.205609586492027874e-06
1.500998533069579466e+01 0.000000000000000000e+00
1.502997199556264007e+01 0.000000000000000000e+00
1.504995866042948727e+01 1.205609586492027874e-06
1.506994532529633268e+01 2.411219172984055748e-06
1.508993199016317810e+01 0.000000000000000000e+00
1.510991865503002707e+01 1.205609586492027874e-06
1.512990531989687248e+01 1.205609586492027874e-06
1.514989198476371790e+01 0.000000000000000000e+00
1.516987864963056687e+01 0.000000000000000000e+00
1.518986531449741229e+01 0.000000000000000000e+00
1.520985197936425770e+01 0.000000000000000000e+00
1.522983864423110489e+01 0.000000000000000000e+00
1.524982530909795031e+01 1.205609586492027874e-06
1.526981197396479573e+01 0.000000000000000000e+00
1.528979863883164469e+01 1.205609586492027874e-06
1.530978530369849011e+01 1.205609586492027874e-06
1.532977196856533553e+01 0.000000000000000000e+00
1.534975863343218272e+01 0.000000000000000000e+00
1.536974529829902814e+01 0.000000000000000000e+00
1.538973196316587355e+01 1.205609586492027874e-06
1.540971862803271897e+01 0.000000000000000000e+00
1.542970529289956794e+01 0.000000000000000000e+00
1.544969195776641335e+01 0.000000000000000000e+00
1.546967862263325877e+01 0.000000000000000000e+00
1.548966528750010596e+01 0.000000000000000000e+00
1.550965195236695138e+01 0.000000000000000000e+00
1.552963861723379679e+01 0.000000000000000000e+00
1.554962528210064576e+01 0.000000000000000000e+00
1.556961194696749118e+01 0.000000000000000000e+00
1.558959861183433659e+01 0.000000000000000000e+00
1.560958527670118556e+01 0.000000000000000000e+00
1.562957194156803098e+01 0.000000000000000000e+00
1.564955860643487640e+01 0.000000000000000000e+00
1.566954527130172359e+01 0.000000000000000000e+00
1.568953193616856900e+01 0.000000000000000000e+00
1.570951860103541442e+01 0.000000000000000000e+00
1.572950526590226339e+01 0.000000000000000000e+00
1.574949193076910881e+01 1.205609586492027874e-06
1.576947859563595422e+01 0.000000000000000000e+00
1.578946526050280141e+01 0.000000000000000000e+00
1.580945192536964683e+01 0.000000000000000000e+00
1.582943859023649225e+01 0.000000000000000000e+00
1.584942525510334121e+01 1.205609586492027874e-06
1.586941191997018663e+01 0.000000000000000000e+00
1.588939858483703205e+01 0.000000000000000000e+00
1.590938524970387924e+01 1.205609586492027874e-06
1.592937191457072466e+01 0.000000000000000000e+00
1.594935857943757007e+01 0.000000000000000000e+00
1.596934524430441549e+01 0.000000000000000000e+00
1.598933190917126446e+01 0.000000000000000000e+00
1.600931857403810810e+01 0.000000000000000000e+00
1.602930523890495351e+01 0.000000000000000000e+00
1.604929190377180248e+01 0.000000000000000000e+00
1.606927856863864790e+01 0.000000000000000000e+00
1.608926523350549331e+01 0.000000000000000000e+00
1.610925189837234228e+01 0.000000000000000000e+00
1.612923856323918770e+01 0.000000000000000000e+00
1.614922522810603311e+01 0.000000000000000000e+00
1.616921189297288208e+01 1.205609586492027874e-06
1.618919855783972750e+01 1.205609586492027874e-06
1.620918522270657292e+01 0.000000000000000000e+00
1.622917188757342188e+01 0.000000000000000000e+00
1.624915855244026730e+01 0.000000000000000000e+00
1.626914521730711272e+01 0.000000000000000000e+00
1.628913188217395813e+01 0.000000000000000000e+00
1.630911854704080355e+01 0.000000000000000000e+00
1.632910521190764896e+01 0.000000000000000000e+00
1.634909187677449793e+01 0.000000000000000000e+00
1.636907854164134335e+01 0.000000000000000000e+00
1.638906520650818877e+01 0.000000000000000000e+00
1.640905187137503773e+01 0.000000000000000000e+00
1.642903853624188315e+01 0.000000000000000000e+00
1.644902520110872857e+01 0.000000000000000000e+00
1.646901186597557754e+01 0.000000000000000000e+00
1.648899853084242295e+01 0.000000000000000000e+00
1.650898519570926837e+01 0.000000000000000000e+00
1.652897186057611378e+01 0.000000000000000000e+00
1.654895852544295920e+01 0.000000000000000000e+00
1.656894519030980817e+01 0.000000000000000000e+00
1.658893185517665358e+01 0.000000000000000000e+00
1.660891852004349900e+01 0.000000000000000000e+00
1.662890518491034442e+01 0.000000000000000000e+00
1.664889184977718983e+01 0.000000000000000000e+00
1.666887851464403880e+01 0.000000000000000000e+00
1.668886517951088422e+01 0.000000000000000000e+00
1.670885184437772963e+01 0.000000000000000000e+00
1.672883850924457860e+01 0.000000000000000000e+00
1.674882517411142402e+01 0.000000000000000000e+00
1.676881183897826944e+01 0.000000000000000000e+00
1.678879850384511840e+01 0.000000000000000000e+00
1.680878516871196382e+01 0.000000000000000000e+00
1.682877183357880924e+01 1.205609586492027874e-06
1.684875849844565465e+01 0.000000000000000000e+00
1.686874516331250007e+01 0.000000000000000000e+00
1.688873182817934548e+01 0.000000000000000000e+00
1.690871849304619445e+01 0.000000000000000000e+00
1.692870515791303987e+01 0.000000000000000000e+00
1.694869182277988529e+01 0.000000000000000000e+00
1.696867848764673425e+01 0.000000000000000000e+00
1.698866515251357967e+01 0.000000000000000000e+00
1.700865181738042509e+01 0.000000000000000000e+00
1.702863848224727406e+01 0.000000000000000000e+00
1.704862514711411947e+01 0.000000000000000000e+00
1.706861181198096489e+01 0.000000000000000000e+00
1.708859847684781386e+01 0.000000000000000000e+00
1.710858514171465927e+01 0.000000000000000000e+00
1.712857180658150469e+01 0.000000000000000000e+00
1.714855847144835010e+01 0.000000000000000000e+00
1.716854513631519552e+01 0.000000000000000000e+00
1.718853180118204094e+01 0.000000000000000000e+00
1.720851846604888635e+01 0.000000000000000000e+00
1.722850513091573532e+01 0.000000000000000000e+00
1.724849179578258074e+01 0.000000000000000000e+00
1.726847846064942615e+01 0.000000000000000000e+00
1.728846512551627512e+01 0.000000000000000000e+00
1.730845179038312054e+01 0.000000000000000000e+00
1.732843845524996595e+01 0.000000000000000000e+00
1.734842512011681492e+01 0.000000000000000000e+00
1.736841178498366034e+01 0.000000000000000000e+00
1.738839844985050576e+01 0.000000000000000000e+00
1.740838511471735117e+01 0.000000000000000000e+00
1.742837177958419659e+01 0.000000000000000000e+00
1.744835844445104200e+01 0.000000000000000000e+00
1.746834510931789097e+01 0.000000000000000000e+00
1.748833177418473639e+01 1.205609586492027874e-06
1.750831843905158181e+01 0.000000000000000000e+00
1.752830510391843077e+01 0.000000000000000000e+00
1.754829176878527619e+01 0.000000000000000000e+00
1.756827843365212161e+01 0.000000000000000000e+00
1.758826509851897058e+01 0.000000000000000000e+00
1.760825176338581599e+01 0.000000000000000000e+00
1.762823842825266141e+01 0.000000000000000000e+00
1.764822509311951038e+01 0.000000000000000000e+00
1.766821175798635579e+01 0.000000000000000000e+00
1.768819842285320121e+01 0.000000000000000000e+00
1.770818508772004662e+01 0.000000000000000000e+00
1.772817175258689204e+01 0.000000000000000000e+00
1.774815841745373746e+01 0.000000000000000000e+00
1.776814508232058287e+01 0.000000000000000000e+00
1.778813174718743184e+01 0.000000000000000000e+00
1.780811841205427726e+01 1.205609586492027874e-06
