9.994823974174395567e-03 9.946564269712577788e-01
1.998963099925659542e-02 9.828842652159748283e-01
2.998443802433879354e-02 9.707958001134951997e-01
3.997924504942099166e-02 9.623772648727210166e-01
4.997405207450319325e-02 9.540763295943660571e-01
5.996885909958539485e-02 9.418864852139386956e-01
6.996366612466758950e-02 9.341329980365012942e-01
7.995847314974979803e-02 9.248426010053771851e-01
8.995328017483199268e-02 9.132083150681029604e-01
9.994808719991420121e-02 9.081839580530166600e-01
1.099428942249964097e-01 8.979811475203636206e-01
1.199377012500785905e-01 8.902925430808126261e-01
1.299325082751607852e-01 8.783338434541060336e-01
1.399273153002429937e-01 8.714684387514899377e-01
1.499221223253252022e-01 8.609047179893432045e-01
1.599169293504073830e-01 8.498016594685149361e-01
1.699117363754895915e-01 8.467643363012028468e-01
1.799065434005718001e-01 8.348989056102079642e-01
1.899013504256540086e-01 8.311559826683801999e-01
1.998961574507362171e-01 8.206287584462944595e-01
2.098909644758183701e-01 8.105435478760606438e-01
2.198857715009006064e-01 8.021655643464656871e-01
2.298805785259828149e-01 7.929522155665817973e-01
2.398753855510649680e-01 7.893714994694701614e-01
2.498701925761472042e-01 7.795782612197256212e-01
2.598649996012293295e-01 7.694362782538410883e-01
2.698598066263115935e-01 7.627168597114698523e-01
2.798546136513938021e-01 7.554216068703557552e-01
2.898494206764759551e-01 7.481385195425954704e-01
2.998442277015582191e-01 7.433899141635267327e-01
3.098390347266404277e-01 7.380492538012437542e-01
3.198338417517225807e-01 7.271773400341360327e-01
3.298286487768047892e-01 7.209688730526210287e-01
3.398234558018869422e-01 7.142737855369570843e-01
3.498182628269692063e-01 7.075178704545247443e-01
3.598130698520514148e-01 6.974407702265267295e-01
3.698078768771335678e-01 6.934139853064453796e-01
3.798026839022157763e-01 6.889857384456914424e-01
3.897974909272979294e-01 6.772095215192903694e-01
3.997922979523801934e-01 6.719945714616625265e-01
4.097871049774624019e-01 6.643221877065832448e-01
4.197819120025445550e-01 6.559198731502806634e-01
4.297767190276267635e-01 6.502345232429754818e-01
4.397715260527090275e-01 6.463902210232000956e-01
4.497663330777911805e-01 6.409522365540871736e-01
4.597611401028733891e-01 6.320186945813389690e-01
4.697559471279555421e-01 6.262846826206188711e-01
4.797507541530377506e-01 6.202505879971739189e-01
4.897455611781200147e-01 6.121726871303039275e-01
4.997403682032021677e-01 6.078620402319691030e-01
5.097351752282843762e-01 6.017022353038689042e-01
5.197299822533665292e-01 5.950274236437945730e-01
5.297247892784487933e-01 5.898449149551099335e-01
5.397195963035309463e-01 5.841230685077436480e-01
5.497144033286130993e-01 5.775496361256169386e-01
5.597092103536953633e-01 5.736850580502519392e-01
5.697040173787776274e-01 5.671765084060117479e-01
5.796988244038597804e-01 5.608301656064879070e-01
5.896936314289419334e-01 5.584295043046870743e-01
5.996884384540241975e-01 5.487822522151872828e-01
6.096832454791063505e-01 5.446500328460404106e-01
6.196780525041886145e-01 5.408989995619767344e-01
6.296728595292707675e-01 5.331049606733602175e-01
6.396676665543529205e-01 5.309354441252801537e-01
6.496624735794351846e-01 5.219613504413528338e-01
6.596572806045173376e-01 5.169694347952097369e-01
6.696520876295996016e-01 5.137252979008843923e-01
6.796468946546817547e-01 5.106149816534499841e-01
6.896417016797639077e-01 5.007690261791726272e-01
6.996365087048461717e-01 4.973505169267773973e-01
7.096313157299283247e-01 4.916367808216469681e-01
7.196261227550105888e-01 4.873869614900808167e-01
7.296209297800927418e-01 4.814542461445833754e-01
7.396157368051748948e-01 4.790900813828438132e-01
7.496105438302571589e-01 4.757323996972171454e-01
7.596053508553394229e-01 4.692684569352739143e-01
7.696001578804216869e-01 4.621556867944657254e-01
7.795949649055037289e-01 4.582302811523321084e-01
7.895897719305858820e-01 4.547833857021114645e-01
7.995845789556681460e-01 4.490980357948063384e-01
8.095793859807504100e-01 4.441547822020781577e-01
8.195741930058326741e-01 4.412675003661286066e-01
8.295690000309147161e-01 4.364742881047629641e-01
8.395638070559968691e-01 4.316932413567510785e-01
8.495586140810791331e-01 4.282422907354125341e-01
8.595534211061613972e-01 4.241222368796193631e-01
8.695482281312436612e-01 4.195439486875027768e-01
8.795430351563258142e-01 4.148196743351415527e-01
8.895378421814078562e-01 4.104198136722128076e-01
8.995326492064901203e-01 4.101846137473742493e-01
9.095274562315723843e-01 4.029218022752034667e-01
9.195222632566546483e-01 4.004278720376908685e-01
9.295170702817368014e-01 3.961983285617142192e-01
9.395118773068188434e-01 3.915308266050037123e-01
9.495066843319011074e-01 3.874959313426866170e-01
9.595014913569833714e-01 3.826094501456090979e-01
9.694962983820656355e-01 3.797262234807775028e-01
9.794911054071477885e-01 3.765348038109849749e-01
9.894859124322299415e-01 3.725891223132618002e-01
9.994807194573120945e-01 3.694990819214170052e-01
1.009475526482394248e+00 3.648437454780601441e-01
1.019470333507476623e+00 3.620375670644687682e-01
1.029465140532558776e+00 3.579012925242039400e-01
1.039459947557640929e+00 3.540245489354852393e-01
1.049454754582723082e+00 3.504843845495527188e-01
1.059449561607805235e+00 3.473497372754109080e-01
1.069444368632887610e+00 3.432864558152684542e-01
1.079439175657969763e+00 3.397827879693970932e-01
1.089433982683052138e+00 3.350706791303896259e-01
1.099428789708134069e+00 3.370009405825131754e-01
1.109423596733216222e+00 3.284485846948481114e-01
1.119418403758298597e+00 3.259303234306280550e-01
1.129413210783380750e+00 3.248557030843827742e-01
1.139408017808463125e+00 3.183025465578456226e-01
1.149402824833545056e+00 3.167048091373904639e-01
1.159397631858627209e+00 3.143730857445941052e-01
1.169392438883709584e+00 3.122400657365752563e-01
1.179387245908791737e+00 3.064452262090866519e-01
1.189382052933874112e+00 3.045879578370854213e-01
1.199376859958956265e+00 3.016317380921315072e-01
1.209371666984038196e+00 2.971710498624341446e-01
1.219366474009120571e+00 2.965708845369839919e-01
1.229361281034202724e+00 2.939471888236983577e-01
1.239356088059285099e+00 2.899731211281498799e-01
1.249350895084367252e+00 2.875197426018163971e-01
1.259345702109449183e+00 2.865221705068113356e-01
1.269340509134531558e+00 2.839228058202331595e-01
1.279335316159613711e+00 2.780184766725611323e-01
1.289330123184696086e+00 2.770533459464993298e-01
1.299324930209778239e+00 2.722276923161904283e-01
1.309319737234860392e+00 2.706218445534994133e-01
1.319314544259942545e+00 2.681927970538733330e-01
1.329309351285024698e+00 2.640524673424906599e-01
1.339304158310107074e+00 2.634036399636256465e-01
1.349298965335189227e+00 2.602284409783047203e-01
1.359293772360271380e+00 2.584766070553690676e-01
1.369288579385353533e+00 2.556420424439522776e-01
1.379283386410435686e+00 2.542267877238029161e-01
1.389278193435518061e+00 2.483670654584277937e-01
1.399273000460600214e+00 2.459177421032121835e-01
1.409267807485682367e+00 2.459339627876838130e-01
1.419262614510764520e+00 2.423856880595155194e-01
1.429257421535846673e+00 2.420369433433755546e-01
1.439252228560929048e+00 2.391699373630155612e-01
1.449247035586011201e+00 2.352648075764714464e-01
1.459241842611093354e+00 2.330304082905049201e-01
1.469236649636175507e+00 2.301228505989658391e-01
1.479231456661257660e+00 2.279290030241783449e-01
1.489226263686340035e+00 2.271017481161254070e-01
1.499221070711422188e+00 2.250660522149362519e-01
1.509215877736504341e+00 2.221706600367508999e-01
1.519210684761586716e+00 2.193401505964520937e-01
1.529205491786669091e+00 2.192103851206790854e-01
1.539200298811751244e+00 2.147415865487459496e-01
1.549195105836833175e+00 2.123125390491198972e-01
1.559189912861915328e+00 2.109175601845600101e-01
1.569184719886997703e+00 2.074625543921035653e-01
1.579179526912079856e+00 2.070327062536054530e-01
1.589174333937162009e+00 2.035898659745027095e-01
1.599169140962244384e+00 2.026936731574453532e-01
1.609163947987326537e+00 2.010026668012782625e-01
1.619158755012408690e+00 1.986466123817745011e-01
1.629153562037491065e+00 1.963229993312140265e-01
1.639148369062573218e+00 1.948104205042348325e-01
1.649143176087655371e+00 1.924340902291415412e-01
1.659137983112737302e+00 1.903578426167733539e-01
1.669132790137819677e+00 1.883140363733483980e-01
1.679127597162901830e+00 1.870042161022645588e-01
1.689122404187983983e+00 1.843683548756252510e-01
1.699117211213066359e+00 1.822110038408989163e-01
1.709112018238148512e+00 1.816108385154487637e-01
1.719106825263230665e+00 1.789587566043377986e-01
1.729101632288313040e+00 1.780706741295162709e-01
1.739096439313395193e+00 1.773529088416467836e-01
1.749091246338477568e+00 1.730179309166045842e-01
1.759086053363559721e+00 1.728435585585345879e-01
1.769080860388641652e+00 1.695507596107944104e-01
1.779075667413723805e+00 1.695345389263227809e-01
1.789070474438805958e+00 1.675028981962515262e-01
1.799065281463888333e+00 1.669554500953341347e-01
1.809060088488970486e+00 1.647575473494287401e-01
1.819054895514052639e+00 1.617283345243525072e-01
1.829049702539135014e+00 1.611849415945530162e-01
1.839044509564217167e+00 1.592790111691368971e-01
1.849039316589299542e+00 1.572027635567687098e-01
1.859034123614381695e+00 1.556415226763746273e-01
1.869028930639463626e+00 1.540843369670984730e-01
1.879023737664545779e+00 1.552116745378765428e-01
1.889018544689627932e+00 1.524338823221104977e-01
1.899013351714710307e+00 1.487436766048154391e-01
1.909008158739792460e+00 1.475960631784478672e-01
1.919002965764874613e+00 1.497128625019951420e-01
1.928997772789956988e+00 1.456617465552064172e-01
1.938992579815039141e+00 1.454792638549005923e-01
1.948987386840121516e+00 1.425554854788899095e-01
1.958982193865203669e+00 1.407225481335961093e-01
1.968977000890285822e+00 1.426122578745406266e-01
1.978971807915367753e+00 1.386503556923458225e-01
1.988966614940449906e+00 1.377703835597600956e-01
1.998961421965532281e+00 1.351223568197670588e-01
2.008956228990614434e+00 1.343194329384215513e-01
2.018951036015696587e+00 1.319552681766819613e-01
2.028945843040778740e+00 1.318822750965596424e-01
2.038940650065861337e+00 1.295059448214663511e-01
2.048935457090943490e+00 1.279082074010111369e-01
2.058930264116025644e+00 1.275919040538144311e-01
2.068925071141107797e+00 1.273891454979191040e-01
2.078919878166189950e+00 1.249600979982930099e-01
2.088914685191272103e+00 1.252115186076032394e-01
2.098909492216354256e+00 1.249479324849393086e-01
2.108904299241436409e+00 1.219714368843958369e-01
2.118899106266518562e+00 1.200168444055648292e-01
2.128893913291600715e+00 1.183907207872842704e-01
2.138888720316683312e+00 1.170687350028467022e-01
2.148883527341765465e+00 1.170484591472571723e-01
2.158878334366847618e+00 1.162212042392042205e-01
2.168873141391929771e+00 1.153047355665573204e-01
2.178867948417011924e+00 1.135082947613246795e-01
2.188862755442094077e+00 1.130784466228265811e-01
2.198857562467176230e+00 1.109819231548688362e-01
2.208852369492258383e+00 1.103736474871828410e-01
2.218847176517340536e+00 1.085325997996532260e-01
2.228841983542422689e+00 1.073728208599319389e-01
2.238836790567505286e+00 1.067402141655385134e-01
2.248831597592587439e+00 1.060589454177301855e-01
2.258826404617669592e+00 1.030783946460687994e-01
2.268821211642751745e+00 1.041084081100170922e-01
2.278816018667833898e+00 1.025836637696841969e-01
2.288810825692916051e+00 1.013995538032554655e-01
2.298805632717998204e+00 1.000816231899357978e-01
2.308800439743080357e+00 1.001140645588790568e-01
2.318795246768162510e+00 9.847577542724476884e-02
2.328790053793244663e+00 9.806214797321829990e-02
2.338784860818327260e+00 9.685776215120002475e-02
2.348779667843409413e+00 9.580341766054430164e-02
2.358774474868491566e+00 9.416107335779211329e-02
2.368769281893573719e+00 9.381232864165213459e-02
2.378764088918655872e+00 9.241329460597434708e-02
2.388758895943738469e+00 9.218214985225367530e-02
2.398753702968820622e+00 9.191856372958974453e-02
2.408748509993902331e+00 8.995586090852293604e-02
2.418743317018984484e+00 8.945301968990251873e-02
2.428738124044066637e+00 8.837028900142142318e-02
2.438732931069149235e+00 8.709696527039875735e-02
2.448727738094231388e+00 8.616022074216232729e-02
2.458722545119313541e+00 8.607506214868627936e-02
2.468717352144395694e+00 8.417724206550597499e-02
2.478712159169477847e+00 8.356896639781997982e-02
2.488706966194560444e+00 8.273360114753121330e-02
2.498701773219642597e+00 8.259572532952237645e-02
2.508696580244724306e+00 8.130618091402808112e-02
2.518691387269806459e+00 8.060058113951232284e-02
2.528686194294888612e+00 7.903528508800035379e-02
2.538681001319971209e+00 7.844323010478598812e-02
2.548675808345053362e+00 7.857299558055901023e-02
2.558670615370135515e+00 7.795255439951928600e-02
2.568665422395217668e+00 7.743349249642723919e-02
2.578660229420299821e+00 7.671572720855776573e-02
2.588655036445382418e+00 7.508149324804137825e-02
2.598649843470464571e+00 7.464758993842537937e-02
2.608644650495546724e+00 7.384466605707985798e-02
2.618639457520628433e+00 7.313095594032829883e-02
2.628634264545710586e+00 7.225909414997835900e-02
2.638629071570793183e+00 7.169948053570725233e-02
2.648623878595875336e+00 7.031261201338318001e-02
2.658618685620957489e+00 6.970433634569718484e-02
2.668613492646039642e+00 7.017473619537435703e-02
2.678608299671121795e+00 6.823230922989707847e-02
2.688603106696204392e+00 6.747399223084853126e-02
2.698597913721286545e+00 6.925015718049164215e-02
2.708592720746368698e+00 6.696304066999229920e-02
2.718587527771450407e+00 6.665079249391349381e-02
2.728582334796532560e+00 6.562483420108310150e-02
2.738577141821615157e+00 6.543424115854150347e-02
2.748571948846697310e+00 6.418930362534415457e-02
2.758566755871779463e+00 6.288353852537821587e-02
2.768561562896861616e+00 6.263211791606800027e-02
2.778556369921943769e+00 6.161426996547344354e-02
2.788551176947026367e+00 6.069780129282654341e-02
2.798545983972108520e+00 6.097355292884419631e-02
2.808540790997190673e+00 6.043827034128052000e-02
2.818535598022272826e+00 6.024362212762100072e-02
2.828530405047354535e+00 5.908789835901760712e-02
2.838525212072437132e+00 5.860938816710462712e-02
2.848520019097519285e+00 5.764831261216075281e-02
2.858514826122601438e+00 5.758342987427424869e-02
2.868509633147683591e+00 5.664668534603781169e-02
2.878504440172765744e+00 5.680078184851826417e-02
2.888499247197848341e+00 5.543418918178372873e-02
2.898494054222930494e+00 5.494756864763493398e-02
2.908488861248012647e+00 5.405137583057756379e-02
2.918483668273094800e+00 5.412031373958198222e-02
2.928478475298176953e+00 5.292403825979952181e-02
2.938473282323259106e+00 5.299297616880393330e-02
2.948468089348341259e+00 5.210083852286447048e-02
2.958462896373423412e+00 5.180481103125728765e-02
2.968457703398505565e+00 5.155744559306498637e-02
2.978452510423587718e+00 5.081534927848807559e-02
2.988447317448670315e+00 5.005297710832162100e-02
2.998442124473752468e+00 4.979750132789350497e-02
3.008436931498834621e+00 4.981777718348303491e-02
3.018431738523916774e+00 4.848362588569175846e-02
3.028426545548998927e+00 4.871477063941243024e-02
3.038421352574081080e+00 4.764420546428507763e-02
3.048416159599163233e+00 4.758743306863438827e-02
3.058410966624245386e+00 4.669124025157702501e-02
3.068405773649327095e+00 4.634249553543704631e-02
3.078400580674409692e+00 4.670340576493074020e-02
3.088395387699491845e+00 4.503673043547111454e-02
3.098390194724573554e+00 4.571799918327942164e-02
3.108385001749656151e+00 4.488263393299065512e-02
3.118379808774738304e+00 4.404726868270188861e-02
3.128374615799820457e+00 4.374718601997680534e-02
3.138369422824902610e+00 4.365391708426494960e-02
3.148364229849985207e+00 4.387695149574981357e-02
3.158359036875066916e+00 4.270095187155689004e-02
3.168353843900149514e+00 4.212511757281414693e-02
3.178348650925231667e+00 4.242925540665713757e-02
3.188343457950314264e+00 4.130191783587910254e-02
3.198338264975395973e+00 4.113971099116282837e-02
3.208333072000477681e+00 4.036922847876057291e-02
3.218327879025560279e+00 4.006103547379966795e-02
3.228322686050642432e+00 3.978528383778201505e-02
3.238317493075725029e+00 3.950142185952855434e-02
3.248312300100806738e+00 3.905535303655882640e-02
3.258307107125889335e+00 3.797262234807775166e-02
3.268301914150971044e+00 3.816321539061936358e-02
3.278296721176053641e+00 3.782258101671519962e-02
3.288291528201135794e+00 3.697505025307271792e-02
3.298286335226218391e+00 3.698316059530853267e-02
3.308281142251300100e+00 3.670740895929087283e-02
3.318275949276382253e+00 3.651681591674926786e-02
3.328270756301464850e+00 3.643165732327322687e-02
3.338265563326546559e+00 3.598964367142140630e-02
3.348260370351629156e+00 3.442434761990944420e-02
3.358255177376710865e+00 3.446084415997060363e-02
3.368249984401793462e+00 3.451356138450338562e-02
3.378244791426875615e+00 3.414048564165597655e-02
3.388239598451958212e+00 3.342272035378650308e-02
3.398234405477039921e+00 3.365386510750718180e-02
3.408229212502122518e+00 3.301720324199583501e-02
3.418224019527204227e+00 3.370658233203997073e-02
3.428218826552286380e+00 3.337405830037162152e-02
3.438213633577368977e+00 3.180065190662384467e-02
3.448208440602450686e+00 3.223861038735776480e-02
3.458203247627533283e+00 3.097745216968880028e-02
3.468198054652614992e+00 3.072197638926068078e-02
3.478192861677697589e+00 3.070575570478905475e-02
3.488187668702779742e+00 3.088418323397694454e-02
3.498182475727862339e+00 3.028807307964467149e-02
3.508177282752944048e+00 2.996771456133004788e-02
3.518172089778026645e+00 2.970818360978402448e-02
3.528166896803108799e+00 2.994338353462260710e-02
3.538161703828190507e+00 2.906746657315477725e-02
3.548156510853273105e+00 2.841458402317180443e-02
3.558151317878354813e+00 2.906746657315477725e-02
3.568146124903437411e+00 2.818749444056903308e-02
3.578140931928519564e+00 2.802528759585276932e-02
3.588135738953602161e+00 2.744134295487421493e-02
3.598130545978683870e+00 2.724669474121469565e-02
3.608125353003766467e+00 2.655731565117056686e-02
3.618120160028848176e+00 2.661408804682125970e-02
3.628114967053930329e+00 2.672763283812264190e-02
3.638109774079012926e+00 2.662625356017497835e-02
3.648104581104094635e+00 2.602203306360688709e-02
3.658099388129177232e+00 2.618018473720524694e-02
3.668094195154258941e+00 2.583144002106527518e-02
3.678089002179341538e+00 2.511772990431370908e-02
3.688083809204423691e+00 2.482575758382443362e-02
3.698078616229506288e+00 2.492308169065419327e-02
3.708073423254587997e+00 2.449728872327399526e-02
3.718068230279670594e+00 2.379168894875824045e-02
3.728063037304752747e+00 2.420126123166680895e-02
3.738057844329834456e+00 2.372680621087173286e-02
3.748052651354917053e+00 2.398228199129984889e-02
3.758047458379998762e+00 2.372680621087173286e-02
3.768042265405081359e+00 2.258730312673996876e-02
3.778037072430163512e+00 2.289549613170087025e-02
3.788031879455246109e+00 2.304959263418132273e-02
3.798026686480327818e+00 2.240482042643416813e-02
3.808021493505410415e+00 2.274950997145623252e-02
3.818016300530492124e+00 2.185331715439886927e-02
3.828011107555574721e+00 2.187764818110631004e-02
3.838005914580656874e+00 2.162217240067819055e-02
3.848000721605738583e+00 2.125720700006658928e-02
3.857995528630821180e+00 2.071381407026710170e-02
3.867990335655902889e+00 2.070164855691338304e-02
3.877985142680985486e+00 2.117610357770845914e-02
3.887979949706067639e+00 2.013392460040645121e-02
3.897974756731150237e+00 2.047455897431061170e-02
3.907969563756231945e+00 2.048266931654642298e-02
3.917964370781314543e+00 1.987033847774252390e-02
3.927959177806396696e+00 2.060837962120153077e-02
3.937953984831478849e+00 1.975273851532322739e-02
3.947948791856561002e+00 1.969191094855462718e-02
3.957943598881642711e+00 1.885249052714795676e-02
3.967938405906725308e+00 1.887682155385539753e-02
3.977933212931807461e+00 1.848752512653635896e-02
3.987928019956890058e+00 1.867406299796006350e-02
3.997922826981971767e+00 1.823610451722614684e-02
4.007917634007053920e+00 1.784275291878920089e-02
4.017912441032136073e+00 1.779003569425641890e-02
4.027907248057219114e+00 1.777381500978478940e-02
4.037902055082300379e+00 1.729935998898971330e-02
4.047896862107383420e+00 1.757511162500736621e-02
4.057891669132465573e+00 1.738451858246575429e-02
4.067886476157546838e+00 1.687356702160951530e-02
4.077881283182629879e+00 1.660592572782767715e-02
4.087876090207711144e+00 1.676407740142603700e-02
4.097870897232794185e+00 1.663836709677093267e-02
4.107865704257876338e+00 1.640316717193234658e-02
4.117860511282958491e+00 1.654104298994117303e-02
4.127855318308040644e+00 1.640316717193234658e-02
4.137850125333122797e+00 1.545425713034219266e-02
4.147844932358204950e+00 1.604631211355656353e-02
4.157839739383287103e+00 1.545020195922428702e-02
4.167834546408369256e+00 1.587599492660448502e-02
4.177829353433451409e+00 1.557591226387939308e-02
4.187824160458533562e+00 1.479326423812341203e-02
4.197818967483615715e+00 1.485003663377410486e-02
4.207813774508697868e+00 1.502846416296199812e-02
4.217808581533780021e+00 1.520689169214988964e-02
4.227803388558863062e+00 1.430664370397461554e-02
4.237798195583944327e+00 1.422959545273439104e-02
4.247793002609027369e+00 1.424581613720601707e-02
4.257787809634109522e+00 1.413632651702253704e-02
4.267782616659190786e+00 1.401872655460324399e-02
4.277777423684273828e+00 1.379569214311837828e-02
4.287772230709355092e+00 1.386868522324069888e-02
4.297767037734438134e+00 1.362131978504839414e-02
4.307761844759520287e+00 1.370242320740652775e-02
4.317756651784602440e+00 1.339017503132771542e-02
4.327751458809684593e+00 1.326446472667260935e-02
4.337746265834766746e+00 1.296032689282961177e-02
4.347741072859848899e+00 1.279000970587753153e-02
4.357735879884931052e+00 1.303331997295193237e-02
4.367730686910013205e+00 1.258725114998220269e-02
4.377725493935095358e+00 1.270485111240149401e-02
4.387720300960177511e+00 1.250209255650616171e-02
4.397715107985259664e+00 1.234394088290780359e-02
4.407709915010341817e+00 1.212496164254084526e-02
4.417704722035423970e+00 1.168294799068902122e-02
4.427699529060507011e+00 1.214929266924828430e-02
4.437694336085588276e+00 1.199114099564992444e-02
4.447689143110671317e+00 1.106250680964930566e-02
4.457683950135753470e+00 1.165456179286367480e-02
4.467678757160835623e+00 1.141530669690718307e-02
4.477673564185917776e+00 1.102195509847024059e-02
4.487668371210999041e+00 1.118010677206859871e-02
4.497663178236082082e+00 1.103006544070605187e-02
4.507657985261164235e+00 1.108278266523883906e-02
4.517652792286246388e+00 1.069754140903770960e-02
4.527647599311328541e+00 1.065293452674073542e-02
4.537642406336410694e+00 1.077458966027793411e-02
4.547637213361492847e+00 1.064482418450492240e-02
4.557632020386575000e+00 1.060021730220794822e-02
4.567626827411657153e+00 1.032446566619029706e-02
4.577621634436740194e+00 1.034879669289773783e-02
4.587616441461821459e+00 1.016225882147403156e-02
4.597611248486903612e+00 1.009332091246962007e-02
4.607606055511986654e+00 9.675638287325236814e-03
4.617600862537067918e+00 9.862176158748941351e-03
4.627595669562150960e+00 9.971665778932419649e-03
4.637590476587232224e+00 9.704024485150581497e-03
4.647585283612315266e+00 9.562093496023849407e-03
4.657580090637397419e+00 9.493155587019437916e-03
4.667574897662479572e+00 9.614810720556636603e-03
4.677569704687561725e+00 9.172797068704812568e-03
4.687564511712643878e+00 9.156576384233186539e-03
4.697559318737726031e+00 8.909210946040881790e-03
4.707554125762808184e+00 9.034921250695986117e-03
4.717548932787890337e+00 8.949762657219946863e-03
4.727543739812972490e+00 9.067362619639241644e-03
4.737538546838054643e+00 8.637514481141136263e-03
4.747533353863136796e+00 8.629404138905323249e-03
4.757528160888218949e+00 8.795666154739494383e-03
4.767522967913301102e+00 8.751059272442523670e-03
4.777517774938384143e+00 8.536135203193470980e-03
4.787512581963465408e+00 8.236052540468380770e-03
4.797507388988548449e+00 8.248218053822099424e-03
4.807502196013630602e+00 8.455031780835337366e-03
4.817497003038711867e+00 8.288769765001166231e-03
4.827491810063794908e+00 8.199556000407219603e-03
4.837486617088876173e+00 7.871087139856782974e-03
4.847481424113959214e+00 8.000852615629794676e-03
4.857476231139041367e+00 7.680494097315170195e-03
4.867471038164123520e+00 7.883252653210503363e-03
4.877465845189205673e+00 7.579114819367504911e-03
4.887460652214287826e+00 7.493956225891465657e-03
4.897455459239369979e+00 7.506121739245186046e-03
4.907450266264452132e+00 6.914066756030816038e-03
4.917445073289534285e+00 7.473680370301932253e-03
4.927439880314616438e+00 7.327694210057292788e-03
4.937434687339698591e+00 7.266866643288694312e-03
4.947429494364780744e+00 7.153321851987307772e-03
4.957424301389862897e+00 7.210094247638001476e-03
4.967419108414945050e+00 7.027611547332202578e-03
4.977413915440028092e+00 6.901901242677096517e-03
4.987408722465109356e+00 6.942452953856162456e-03
4.997403529490192398e+00 6.622094435541537975e-03
5.007398336515274551e+00 6.589653066598285050e-03
5.017393143540355815e+00 6.784301280257803470e-03
5.027387950565438857e+00 6.362563483995512838e-03
5.037382757590520121e+00 6.212522152632968600e-03
5.047377564615603163e+00 6.257129034929941047e-03
5.057372371640685316e+00 6.431501392999926063e-03
5.067367178665767469e+00 6.484218617532713259e-03
5.077361985690849622e+00 6.192246297043434329e-03
5.087356792715931775e+00 6.054370479034609613e-03
5.097351599741013928e+00 6.297680746109006987e-03
5.107346406766096081e+00 6.350397970641793316e-03
5.117341213791178234e+00 6.005708425619729791e-03
5.127336020816260387e+00 5.977322227794382506e-03
5.137330827841342540e+00 6.005708425619729791e-03
5.147325634866424693e+00 5.851611923139276444e-03
5.157320441891506846e+00 5.559639602649999249e-03
5.167315248916588999e+00 5.827280896431837401e-03
5.177310055941672040e+00 5.965156714440663852e-03
5.187304862966753305e+00 5.807005040842303997e-03
5.197299669991836346e+00 5.798894698606490983e-03
5.207294477016918499e+00 5.523143062588838949e-03
5.217289284042000652e+00 5.425818955759080173e-03
5.227284091067082805e+00 5.251446597689094289e-03
5.237278898092164070e+00 5.437984469112800562e-03
5.247273705117247111e+00 5.450149982466520084e-03
5.257268512142329264e+00 5.174398346448868917e-03
5.267263319167411417e+00 5.008136330614696916e-03
5.277258126192493570e+00 5.081129410737015781e-03
5.287252933217575723e+00 5.097350095208642677e-03
5.297247740242657876e+00 4.724274352361231867e-03
5.307242547267740029e+00 5.024357015086323812e-03
5.317237354292822182e+00 4.602619218824033180e-03
5.327232161317905224e+00 5.073019068501202766e-03
5.337226968342986488e+00 4.643170930003099120e-03
5.347221775368068641e+00 4.687777812300072434e-03
5.357216582393150794e+00 4.833763972544711032e-03
5.367211389418232947e+00 4.562067507644966373e-03
5.377206196443315989e+00 4.290371042745221714e-03
5.387201003468397253e+00 4.553957165409153358e-03
5.397195810493480295e+00 4.533681309819620822e-03
5.407190617518562448e+00 4.270095187155689177e-03
5.417185424543644601e+00 4.529626138701713448e-03
5.427180231568726754e+00 4.501239940876367029e-03
5.437175038593808019e+00 4.120053855793143205e-03
5.447169845618891060e+00 4.229543475976622370e-03
5.457164652643973213e+00 4.306591727216848610e-03
5.467159459669055366e+00 4.383639978457074850e-03
5.477154266694137519e+00 4.148440053618489623e-03
5.487149073719219672e+00 4.120053855793143205e-03
5.497143880744301825e+00 4.180881422561742548e-03
5.507138687769383978e+00 3.994343551138037143e-03
5.517133494794466131e+00 4.018674577845477054e-03
5.527128301819549172e+00 4.310646898334755117e-03
5.537123108844630437e+00 3.811860850832238679e-03
5.547117915869712590e+00 3.803750508596425231e-03
5.557112722894794743e+00 3.949736668841064696e-03
5.567107529919876896e+00 3.868633246482931949e-03
5.577102336944959937e+00 3.536109214814587513e-03
5.587097143970041202e+00 3.690205717295039992e-03
5.597091950995124243e+00 3.673985032823413096e-03
5.607086758020206396e+00 3.645598834998066678e-03
5.617081565045288549e+00 3.564495412639933931e-03
5.627076372070370702e+00 3.621267808290627201e-03
5.637071179095452855e+00 3.613157466054813752e-03
5.647065986120535008e+00 3.515833359225054109e-03
5.657060793145617161e+00 3.373902370098322018e-03
5.667055600170699314e+00 3.503667845871334154e-03
5.677050407195781467e+00 3.519888530342961050e-03
5.687045214220863620e+00 3.422564423513201840e-03
5.697040021245945773e+00 3.284688605504375823e-03
5.707034828271027926e+00 3.304964461093909227e-03
5.717029635296110079e+00 3.349571343390882541e-03
5.727024442321193121e+00 3.345516172272975600e-03
5.737019249346274385e+00 3.085985220726950896e-03
5.747014056371357427e+00 3.146812787495550674e-03
5.757008863396438691e+00 3.187364498674616613e-03
5.767003670421520845e+00 2.919723204892778895e-03
5.776998477446603886e+00 2.964330087189751776e-03
5.786993284471685151e+00 2.927833547128591909e-03
5.796988091496768192e+00 2.830509440298832700e-03
5.806982898521850345e+00 2.785902558001859385e-03
5.816977705546932498e+00 3.012992140604631164e-03
5.826972512572014651e+00 3.017047311722537671e-03
5.836967319597096804e+00 2.996771456133004701e-03
5.846962126622178957e+00 3.000826627250911208e-03
5.856956933647261110e+00 2.854840467006272611e-03
5.866951740672343263e+00 2.826454269180926192e-03
5.876946547697425416e+00 2.672357766700473713e-03
5.886941354722507569e+00 2.944054231600218372e-03
5.896936161747589722e+00 2.562868146516994981e-03
5.906930968772671875e+00 2.830509440298832700e-03
5.916925775797754028e+00 2.960274916071844835e-03
5.926920582822837069e+00 2.522316435337928174e-03
5.936915389847918334e+00 2.433102670743981979e-03
5.946910196873001375e+00 2.656137082228847250e-03
5.956905003898082640e+00 2.315502708324689799e-03
5.966899810923165681e+00 2.575033659870714503e-03
5.976894617948247834e+00 2.485819895276768308e-03
5.986889424973329099e+00 2.558812975399088040e-03
5.996884231998412140e+00 2.416881986272355516e-03
6.006879039023494293e+00 2.497985408630488263e-03
6.016873846048576446e+00 2.331723392796316262e-03
6.026868653073658599e+00 2.453378526333515382e-03
6.036863460098740752e+00 2.506095750866301711e-03
6.046858267123822905e+00 2.299282023853063336e-03
6.056853074148905058e+00 2.335778563914223203e-03
6.066847881173987211e+00 2.291171681617250322e-03
6.076842688199070253e+00 2.104633810193544483e-03
6.086837495224151517e+00 2.274950997145623426e-03
6.096832302249233670e+00 2.287116510499343381e-03
6.106827109274315823e+00 2.364164761739569621e-03
6.116821916299399753e+00 2.222233772612837097e-03
6.126816723324481018e+00 2.299282023853063336e-03
6.136811530349563171e+00 2.108688981311451424e-03
6.146806337374645324e+00 2.169516548080050768e-03
6.156801144399728365e+00 2.165461376962144260e-03
6.166795951424810518e+00 2.116799323547264439e-03
6.176790758449891783e+00 2.047861414542851647e-03
6.186785565474973936e+00 2.100578639075637976e-03
6.196780372500056089e+00 2.197902745905397186e-03
6.206775179525139130e+00 2.051916585660758154e-03
6.216769986550221283e+00 2.023530387835411736e-03
6.226764793575303436e+00 1.824827003057986809e-03
6.236759600600384701e+00 1.974868334420532348e-03
6.246754407625467742e+00 1.832937345293800041e-03
6.256749214650549895e+00 1.905930425416119340e-03
6.266744021675632048e+00 2.015420045599598722e-03
6.276738828700714201e+00 1.905930425416119340e-03
6.286733635725797242e+00 1.914040767651932571e-03
6.296728442750879395e+00 1.885654569826586153e-03
6.306723249775960660e+00 1.832937345293800041e-03
6.316718056801042813e+00 1.845102858647519996e-03
6.326712863826124966e+00 1.759944265171480525e-03
6.336707670851208007e+00 1.788330462996826943e-03
6.346702477876290160e+00 1.816716660822173578e-03
6.356697284901371425e+00 1.682896013931254502e-03
6.366692091926453578e+00 1.824827003057986809e-03
6.376686898951536620e+00 1.727502896228227383e-03
6.386681705976618773e+00 1.630178789398467956e-03
6.396676513001700926e+00 1.581516735983588568e-03
6.406671320026782190e+00 1.828882174175893317e-03
6.416666127051864343e+00 1.492302971389642373e-03
6.426660934076947385e+00 1.565296051511961889e-03
6.436655741102029538e+00 1.589627078219401799e-03
6.446650548127111691e+00 1.561240880394055381e-03
6.456645355152192955e+00 1.472027115800109186e-03
6.466640162177276885e+00 1.557185709276148657e-03
6.476634969202358150e+00 1.557185709276148657e-03
6.486629776227440303e+00 1.532854682568708746e-03
6.496624583252522456e+00 1.557185709276148657e-03
6.506619390277603721e+00 1.549075367040335426e-03
6.516614197302687650e+00 1.504468484743362328e-03
6.526609004327768915e+00 1.520689169214988791e-03
6.536603811352851068e+00 1.370647837852443252e-03
6.546598618377933221e+00 1.520689169214988791e-03
6.556593425403016262e+00 1.317930613319657140e-03
6.566588232428098415e+00 1.374703008970349976e-03
6.576583039453179680e+00 1.265213388786870594e-03
6.586577846478261833e+00 1.313875442201750416e-03
6.596572653503344874e+00 1.447696089092669492e-03
6.606567460528427027e+00 1.265213388786870594e-03
6.616562267553509180e+00 1.317930613319657140e-03
6.626557074578591333e+00 1.261158217668964087e-03
6.636551881603672598e+00 1.285489244376403998e-03
6.646546688628755639e+00 1.273323731022684042e-03
6.656541495653837792e+00 1.330096126673376879e-03
6.666536302678919945e+00 1.277378902140590767e-03
6.676531109704002098e+00 1.224661677607804438e-03
6.686525916729085139e+00 1.171944453075018109e-03
6.696520723754167292e+00 1.248992704315244132e-03
6.706515530779248557e+00 1.317930613319657140e-03
6.716510337804330710e+00 1.220606506489897713e-03
6.726505144829412863e+00 1.321985784437563647e-03
6.736499951854495905e+00 1.309820271083843909e-03
6.746494758879578058e+00 1.005682437240845890e-03
6.756489565904659322e+00 1.098951372952698593e-03
6.766484372929741475e+00 1.200330650900364527e-03
6.776479179954824517e+00 1.240882362079430900e-03
6.786473986979906670e+00 1.107061715188511824e-03
6.796468794004988823e+00 1.196275479782458019e-03
6.806463601030070087e+00 1.021903121712472570e-03
6.816458408055154017e+00 1.127337570778045011e-03
6.826453215080235282e+00 1.131392741895951518e-03
6.836448022105317435e+00 1.188165137546644788e-03
6.846442829130399588e+00 1.115172057424325056e-03
6.856437636155480853e+00 1.107061715188511824e-03
6.866432443180564782e+00 1.025958292830379077e-03
6.876427250205646047e+00 9.894617527692194277e-04
6.886422057230728200e+00 1.038123806184099033e-03
6.896416864255810353e+00 9.651307260617795168e-04
6.906411671280893394e+00 1.074620346245258899e-03
6.916406478305975547e+00 9.854065816513129204e-04
6.926401285331056812e+00 9.286341860006198674e-04
6.936396092356138965e+00 8.759169614678335384e-04
6.946390899381221118e+00 9.448548704722464385e-04
6.956385706406304159e+00 9.975720950050326590e-04
6.966380513431386312e+00 9.002479881752734493e-04
6.976375320456467577e+00 9.570203838259662855e-04
6.986370127481549730e+00 1.009737608358752614e-03
6.996364934506632771e+00 1.078675517363165406e-03
7.006359741531714924e+00 9.286341860006198674e-04
7.016354548556797077e+00 9.326893571185264830e-04
7.026349355581879230e+00 9.570203838259662855e-04
7.036344162606962271e+00 8.515859347603938444e-04
7.046338969632043536e+00 7.826480257559809443e-04
7.056333776657125689e+00 9.002479881752734493e-04
7.066328583682207842e+00 8.434755925245805046e-04
7.076323390707289995e+00 7.745376835201677130e-04
7.086318197732373037e+00 8.637514481141136914e-04
7.096313004757455190e+00 7.502066568127278021e-04
7.106307811782536454e+00 7.583169990485410334e-04
7.116302618807618607e+00 7.420963145769145708e-04
7.126297425832701649e+00 7.218204589873813840e-04
7.136292232857783802e+00 7.745376835201677130e-04
7.146287039882865955e+00 8.313100791708605492e-04
7.156281846907947219e+00 7.137101167515681526e-04
7.166276653933029372e+00 7.988687102276075154e-04
7.176271460958112414e+00 8.475307636424872287e-04
7.186266267983194567e+00 7.664273412843543732e-04
7.196261075008276720e+00 7.137101167515681526e-04
7.206255882033357985e+00 7.583169990485410334e-04
7.216250689058441914e+00 7.826480257559809443e-04
7.226245496083523179e+00 6.853239189262216261e-04
7.236240303108605332e+00 7.015446033978483056e-04
7.246235110133687485e+00 6.650480633366884393e-04
7.256229917158768750e+00 6.772135766904083948e-04
7.266224724183852679e+00 6.731584055725017791e-04
7.276219531208933944e+00 7.380411434590079551e-04
7.286214338234016097e+00 6.447722077471553610e-04
7.296209145259098250e+00 5.758342987427424609e-04
7.306203952284181291e+00 5.920549832143690320e-04
7.316198759309263444e+00 6.853239189262216261e-04
7.326193566334344709e+00 6.001653254501822634e-04
7.336188373359426862e+00 5.677239565069292296e-04
7.346183180384509903e+00 6.407170366292487453e-04
7.356177987409592056e+00 5.555584431532092742e-04
7.366172794434674209e+00 5.961101543322756477e-04
7.376167601459755474e+00 5.717791276248358453e-04
7.386162408484837627e+00 6.001653254501822634e-04
7.396157215509920668e+00 5.636687853890225055e-04
7.406152022535002821e+00 5.879998120964624164e-04
7.416146829560084974e+00 6.285515232755286815e-04
7.426141636585167127e+00 5.596136142711158898e-04
7.436136443610250168e+00 6.042204965680888790e-04
7.446131250635331433e+00 5.109515608562362849e-04
7.456126057660413586e+00 5.677239565069292296e-04
7.466120864685495739e+00 5.636687853890225055e-04
7.476115671710577892e+00 5.474481009173959344e-04
7.486110478735660934e+00 5.839446409785558007e-04
7.496105285760743087e+00 5.717791276248358453e-04
7.506100092785824351e+00 5.879998120964624164e-04
7.516094899810906504e+00 5.636687853890225055e-04
7.526089706835989546e+00 5.758342987427424609e-04
7.536084513861071699e+00 5.596136142711158898e-04
7.546079320886153852e+00 4.785101919129831427e-04
7.556074127911235117e+00 4.460688229697300547e-04
7.566068934936319046e+00 5.109515608562362849e-04
7.576063741961400311e+00 5.515032720353026585e-04
7.586058548986482464e+00 4.947308763846097138e-04
7.596053356011564617e+00 5.352825875636760874e-04
7.606048163036645882e+00 5.028412186204229452e-04
7.616042970061729811e+00 5.028412186204229452e-04
7.626037777086811076e+00 5.393377586815827031e-04
7.636032584111893229e+00 5.271722453278628560e-04
7.646027391136975382e+00 4.622895074413566258e-04
7.656022198162058423e+00 4.541791652055433945e-04
7.666017005187140576e+00 4.622895074413566258e-04
7.676011812212221841e+00 4.257929673801969222e-04
7.686006619237303994e+00 4.744550207950765271e-04
7.696001426262386147e+00 4.582343363234500102e-04
7.705996233287469188e+00 4.460688229697300547e-04
7.715991040312551341e+00 4.217377962622902523e-04
7.725985847337632606e+00 4.622895074413566258e-04
7.735980654362714759e+00 4.947308763846097138e-04
7.745975461387797800e+00 3.933515984369438342e-04
7.755970268412879953e+00 4.582343363234500102e-04
7.765965075437962106e+00 3.852412562011305486e-04
7.775959882463043371e+00 4.744550207950765271e-04
7.785954689488125524e+00 4.501239940876367246e-04
7.795949496513208565e+00 3.933515984369438342e-04
7.805944303538290718e+00 3.690205717295039775e-04
7.815939110563372871e+00 4.582343363234500102e-04
7.825933917588455024e+00 3.811860850832238788e-04
7.835928724613538066e+00 4.298481384981035379e-04
7.845923531638619330e+00 3.568550583757840763e-04
7.855918338663701483e+00 3.527998872578774607e-04
7.865913145688783636e+00 3.081930049609044172e-04
7.875907952713866678e+00 3.284688605504376040e-04
7.885902759738948831e+00 3.527998872578774607e-04
7.895897566764030984e+00 3.771309139653172089e-04
7.905892373789112249e+00 3.771309139653172089e-04
7.915887180814194402e+00 4.055171117906636812e-04
7.925881987839277443e+00 4.136274540264769668e-04
7.935876794864359596e+00 3.892964273190371643e-04
7.945871601889441749e+00 3.811860850832238788e-04
7.955866408914523014e+00 3.446895450220641209e-04
7.965861215939606943e+00 4.055171117906636812e-04
7.975856022964688208e+00 3.122481760788110329e-04
7.985850829989770361e+00 3.730757428474105932e-04
7.995845637014852514e+00 3.609102294936906920e-04
8.005840444039934667e+00 2.757516360176513292e-04
8.015835251065016820e+00 3.771309139653172089e-04
8.025830058090098973e+00 3.649654006115973619e-04
8.035824865115181126e+00 3.203585183146243727e-04
8.045819672140263279e+00 3.365792027862508896e-04
8.055814479165345432e+00 3.000826627250911317e-04
8.065809286190427585e+00 3.041378338429977474e-04
8.075804093215509738e+00 2.838619782534646148e-04
8.085798900240591891e+00 2.635861226639314280e-04
8.095793707265675820e+00 3.081930049609044172e-04
8.105788514290757973e+00 3.081930049609044172e-04
8.115783321315838350e+00 3.244136894325309883e-04
8.125778128340920503e+00 3.244136894325309883e-04
8.135772935366002656e+00 3.081930049609044172e-04
8.145767742391086585e+00 2.879171493713712305e-04
8.155762549416168739e+00 2.676412937818380437e-04
8.165757356441249115e+00 2.676412937818380437e-04
8.175752163466331268e+00 2.433102670743982412e-04
8.185746970491415198e+00 2.879171493713712305e-04
8.195741777516497351e+00 2.879171493713712305e-04
8.205736584541579504e+00 3.041378338429977474e-04
8.215731391566659880e+00 2.595309515460247581e-04
8.225726198591742033e+00 2.311447537206783129e-04
8.235721005616825963e+00 3.041378338429977474e-04
8.245715812641908116e+00 2.676412937818380437e-04
8.255710619666990269e+00 2.473654381923048569e-04
8.265705426692070645e+00 3.527998872578774607e-04
8.275700233717154575e+00 2.230344114848650274e-04
8.285695040742236728e+00 2.757516360176513292e-04
8.295689847767318881e+00 2.230344114848650274e-04
8.305684654792401034e+00 2.879171493713712305e-04
8.315679461817481410e+00 2.676412937818380437e-04
8.325674268842565340e+00 2.473654381923048569e-04
8.335669075867647493e+00 2.514206093102114726e-04
8.345663882892729646e+00 2.676412937818380437e-04
8.355658689917811799e+00 2.514206093102114726e-04
8.365653496942893952e+00 2.676412937818380437e-04
8.375648303967976105e+00 2.270895826027716973e-04
8.385643110993058258e+00 2.757516360176513292e-04
8.395637918018140411e+00 2.311447537206783129e-04
8.405632725043222564e+00 2.230344114848650274e-04
8.415627532068304717e+00 2.027585558953318406e-04
8.425622339093386870e+00 1.662620158341721098e-04
8.435617146118469023e+00 1.946482136595185822e-04
8.445611953143551176e+00 2.676412937818380437e-04
8.455606760168633329e+00 2.027585558953318406e-04
8.465601567193715482e+00 2.189792403669583846e-04
8.475596374218797635e+00 2.351999248385849557e-04
8.485591181243879788e+00 1.946482136595185822e-04
8.495585988268963717e+00 1.946482136595185822e-04
8.505580795294045870e+00 2.473654381923048569e-04
8.515575602319126247e+00 2.108688981311451262e-04
8.525570409344208400e+00 1.824827003057986809e-04
8.535565216369290553e+00 1.784275291878920382e-04
8.545560023394374483e+00 1.703171869520787526e-04
8.555554830419456636e+00 1.824827003057986809e-04
8.565549637444537012e+00 1.987033847774252249e-04
8.575544444469619165e+00 1.824827003057986809e-04
8.585539251494703095e+00 2.392550959564915714e-04
8.595534058519785248e+00 2.027585558953318406e-04
8.605528865544867401e+00 1.540965024804522086e-04
8.615523672569947777e+00 1.865378714237052966e-04
8.625518479595031707e+00 1.378758180088256646e-04
8.635513286620113860e+00 1.540965024804522086e-04
8.645508093645196013e+00 1.581516735983588243e-04
8.655502900670278166e+00 2.514206093102114726e-04
8.665497707695358542e+00 1.419309891267323074e-04
8.675492514720442472e+00 2.108688981311451262e-04
8.685487321745524625e+00 1.297654757730123791e-04
8.695482128770606778e+00 2.433102670743982412e-04
8.705476935795688931e+00 1.500413313625455658e-04
8.715471742820771084e+00 1.459861602446389502e-04
8.725466549845853237e+00 1.297654757730123791e-04
8.735461356870935390e+00 1.662620158341721098e-04
8.745456163896017543e+00 1.540965024804522086e-04
8.755450970921099696e+00 1.581516735983588243e-04
8.765445777946181849e+00 1.824827003057986809e-04
8.775440584971264002e+00 1.419309891267323074e-04
8.785435391996346155e+00 1.784275291878920382e-04
8.795430199021428308e+00 1.824827003057986809e-04
8.805425006046510461e+00 1.905930425416119394e-04
8.815419813071592614e+00 1.905930425416119394e-04
8.825414620096674767e+00 1.905930425416119394e-04
8.835409427121756920e+00 1.378758180088256646e-04
8.845404234146840849e+00 1.662620158341721098e-04
8.855399041171923002e+00 1.540965024804522086e-04
8.865393848197003379e+00 1.257103046551057363e-04
8.875388655222085532e+00 1.297654757730123791e-04
8.885383462247167685e+00 1.338206468909190218e-04
8.895378269272251615e+00 1.662620158341721098e-04
8.905373076297333768e+00 8.515859347603937631e-05
8.915367883322414144e+00 1.013792779476659203e-04
8.925362690347496297e+00 1.175999624192924778e-04
8.935357497372580227e+00 1.216551335371991206e-04
8.945352304397662380e+00 1.257103046551057363e-04
8.955347111422744533e+00 1.338206468909190218e-04
8.965341918447824909e+00 1.135447913013858486e-04
8.975336725472907062e+00 1.297654757730123791e-04
8.985331532497990992e+00 9.326893571185264830e-05
8.995326339523073145e+00 9.326893571185264830e-05
9.005321146548155298e+00 1.175999624192924778e-04
9.015315953573235674e+00 1.135447913013858486e-04
9.025310760598319604e+00 1.175999624192924778e-04
9.035305567623401757e+00 1.419309891267323074e-04
9.045300374648483910e+00 1.257103046551057363e-04
9.055295181673566063e+00 1.013792779476659203e-04
9.065289988698646440e+00 1.054344490655725631e-04
9.075284795723730369e+00 1.297654757730123791e-04
9.085279602748812522e+00 1.703171869520787526e-04
9.095274409773894675e+00 8.515859347603937631e-05
9.105269216798976828e+00 9.732410682975929108e-05
9.115264023824058981e+00 7.299308012231947509e-05
9.125258830849141134e+00 1.054344490655725631e-04
9.135253637874223287e+00 1.419309891267323074e-04
9.145248444899305440e+00 9.732410682975929108e-05
9.155243251924387593e+00 1.419309891267323074e-04
9.165238058949469746e+00 9.732410682975929108e-05
9.175232865974551899e+00 1.094896201834791923e-04
9.185227672999634052e+00 8.921376459394601908e-05
9.195222480024716205e+00 1.054344490655725631e-04
9.205217287049798358e+00 6.082756676859956031e-05
9.215212094074880511e+00 6.893790900441283231e-05
9.225206901099962664e+00 8.110342235813274708e-05
9.235201708125044817e+00 1.094896201834791923e-04
9.245196515150128747e+00 9.326893571185264830e-05
9.255191322175210900e+00 1.135447913013858486e-04
9.265186129200291276e+00 1.094896201834791923e-04
9.275180936225373429e+00 1.013792779476659203e-04
9.285175743250455582e+00 1.013792779476659203e-04
9.295170550275539512e+00 8.110342235813274708e-05
9.305165357300621665e+00 8.110342235813274708e-05
9.315160164325702041e+00 9.732410682975929108e-05
9.325154971350784194e+00 1.216551335371991206e-04
9.335149778375868124e+00 7.704825124022610431e-05
9.345144585400950277e+00 5.271722453278628154e-05
9.355139392426032430e+00 6.488273788650618953e-05
9.365134199451112806e+00 1.094896201834791923e-04
9.375129006476196736e+00 6.488273788650618953e-05
9.385123813501278889e+00 6.893790900441283231e-05
9.395118620526361042e+00 1.338206468909190218e-04
9.405113427551443195e+00 8.110342235813274708e-05
9.415108234576523571e+00 8.921376459394601908e-05
9.425103041601607501e+00 8.110342235813274708e-05
9.435097848626689654e+00 6.488273788650618953e-05
9.445092655651771807e+00 8.515859347603937631e-05
9.455087462676853960e+00 8.921376459394601908e-05
9.465082269701936113e+00 6.082756676859956031e-05
9.475077076727018266e+00 8.515859347603937631e-05
9.485071883752100419e+00 9.326893571185264830e-05
9.495066690777182572e+00 7.704825124022610431e-05
9.505061497802264725e+00 5.271722453278628154e-05
9.515056304827346878e+00 6.082756676859956031e-05
9.525051111852429031e+00 3.244136894325309477e-05
9.535045918877511184e+00 5.271722453278628154e-05
9.545040725902593337e+00 7.704825124022610431e-05
9.555035532927675490e+00 7.704825124022610431e-05
9.565030339952757643e+00 7.704825124022610431e-05
9.575025146977839796e+00 9.732410682975929108e-05
9.585019954002921949e+00 6.893790900441283231e-05
9.595014761028005879e+00 6.488273788650618953e-05
9.605009568053086255e+00 3.649654006115973754e-05
9.615004375078168408e+00 8.110342235813274708e-05
9.624999182103250561e+00 4.460688229697300954e-05
9.634993989128332714e+00 6.488273788650618953e-05
9.644988796153416644e+00 4.055171117906637354e-05
9.654983603178498797e+00 7.299308012231947509e-05
9.664978410203579173e+00 6.082756676859956031e-05
9.674973217228661326e+00 1.054344490655725631e-04
9.684968024253745256e+00 4.460688229697300954e-05
9.694962831278827409e+00 8.110342235813274708e-05
9.704957638303909562e+00 4.055171117906637354e-05
9.714952445328989938e+00 5.271722453278628154e-05
9.724947252354072091e+00 5.677239565069292431e-05
9.734942059379156021e+00 7.299308012231947509e-05
9.744936866404238174e+00 5.677239565069292431e-05
9.754931673429320327e+00 6.893790900441283231e-05
9.764926480454400703e+00 6.488273788650618953e-05
9.774921287479484633e+00 7.704825124022610431e-05
9.784916094504566786e+00 5.677239565069292431e-05
9.794910901529648939e+00 9.326893571185264830e-05
9.804905708554731092e+00 6.488273788650618953e-05
9.814900515579811469e+00 5.677239565069292431e-05
9.824895322604895398e+00 6.082756676859956031e-05
9.834890129629977551e+00 6.893790900441283231e-05
9.844884936655059704e+00 5.677239565069292431e-05
9.854879743680141857e+00 5.271722453278628154e-05
9.864874550705224010e+00 5.271722453278628154e-05
9.874869357730306163e+00 3.649654006115973754e-05
9.884864164755388316e+00 6.893790900441283231e-05
9.894858971780470469e+00 5.271722453278628154e-05
9.904853778805552622e+00 2.838619782534646216e-05
9.914848585830634775e+00 3.244136894325309477e-05
9.924843392855716928e+00 1.622068447162654738e-05
9.934838199880799081e+00 4.866205341487964554e-05
9.944833006905881234e+00 6.488273788650618953e-05
9.954827813930963387e+00 3.649654006115973754e-05
9.964822620956045540e+00 6.082756676859956031e-05
9.974817427981127693e+00 5.677239565069292431e-05
9.984812235006209846e+00 4.866205341487964554e-05
9.994807042031293776e+00 7.704825124022610431e-05
1.000480184905637415e+01 4.460688229697300954e-05
1.001479665608145631e+01 2.838619782534646216e-05
1.002479146310653846e+01 4.866205341487964554e-05
1.003478627013162061e+01 5.677239565069292431e-05
1.004478107715670454e+01 3.649654006115973754e-05
1.005477588418178669e+01 3.649654006115973754e-05
1.006477069120686707e+01 6.893790900441283231e-05
1.007476549823194922e+01 6.082756676859956031e-05
1.008476030525703315e+01 4.866205341487964554e-05
1.009475511228211531e+01 4.055171117906637354e-05
1.010474991930719746e+01 2.433102670743982277e-05
1.011474472633227784e+01 4.866205341487964554e-05
1.012473953335736176e+01 4.866205341487964554e-05
1.013473434038244392e+01 4.866205341487964554e-05
1.014472914740752607e+01 8.110342235813273692e-06
1.015472395443260822e+01 3.649654006115973754e-05
1.016471876145768860e+01 4.866205341487964554e-05
1.017471356848277253e+01 3.244136894325309477e-05
1.018470837550785468e+01 3.649654006115973754e-05
1.019470318253293684e+01 4.460688229697300954e-05
1.020469798955801899e+01 3.649654006115973754e-05
1.021469279658310114e+01 4.460688229697300954e-05
1.022468760360818330e+01 1.216551335371991138e-05
1.023468241063326545e+01 2.433102670743982277e-05
1.024467721765834760e+01 4.866205341487964554e-05
1.025467202468342975e+01 4.460688229697300954e-05
1.026466683170851191e+01 4.055171117906637354e-05
1.027466163873359406e+01 2.838619782534646216e-05
1.028465644575867621e+01 2.433102670743982277e-05
1.029465125278375837e+01 5.677239565069292431e-05
1.030464605980884052e+01 2.433102670743982277e-05
1.031464086683392267e+01 5.271722453278628154e-05
1.032463567385900483e+01 3.244136894325309477e-05
1.033463048088408698e+01 4.055171117906637354e-05
1.034462528790916913e+01 4.055171117906637354e-05
1.035462009493425128e+01 2.027585558953318677e-05
1.036461490195933344e+01 2.838619782534646216e-05
1.037460970898441559e+01 3.244136894325309477e-05
1.038460451600949774e+01 4.055171117906636846e-06
1.039459932303458167e+01 4.055171117906637354e-05
1.040459413005966205e+01 2.027585558953318677e-05
1.041458893708474420e+01 3.649654006115973754e-05
1.042458374410982636e+01 1.622068447162654738e-05
1.043457855113491028e+01 3.244136894325309477e-05
1.044457335815999244e+01 1.622068447162654738e-05
1.045456816518507459e+01 2.838619782534646216e-05
1.046456297221015497e+01 3.649654006115973754e-05
1.047455777923523712e+01 3.244136894325309477e-05
1.048455258626032105e+01 3.244136894325309477e-05
1.049454739328540320e+01 2.027585558953318677e-05
1.050454220031048536e+01 2.027585558953318677e-05
1.051453700733556573e+01 4.055171117906636846e-06
1.052453181436064966e+01 2.838619782534646216e-05
1.053452662138573181e+01 2.433102670743982277e-05
1.054452142841081397e+01 4.055171117906637354e-05
1.055451623543589612e+01 2.433102670743982277e-05
1.056451104246097650e+01 1.216551335371991138e-05
1.057450584948606043e+01 8.110342235813273692e-06
1.058450065651114258e+01 2.027585558953318677e-05
1.059449546353622473e+01 8.110342235813273692e-06
1.060449027056130689e+01 1.622068447162654738e-05
1.061448507758638904e+01 2.433102670743982277e-05
1.062447988461147119e+01 1.622068447162654738e-05
1.063447469163655335e+01 2.027585558953318677e-05
1.064446949866163550e+01 1.216551335371991138e-05
1.065446430568671765e+01 2.027585558953318677e-05
1.066445911271179980e+01 1.622068447162654738e-05
1.067445391973688196e+01 2.027585558953318677e-05
1.068444872676196411e+01 4.055171117906637354e-05
1.069444353378704626e+01 2.027585558953318677e-05
1.070443834081212842e+01 8.110342235813273692e-06
1.071443314783721057e+01 8.110342235813273692e-06
1.072442795486229272e+01 3.649654006115973754e-05
1.073442276188737488e+01 2.027585558953318677e-05
1.074441756891245880e+01 1.216551335371991138e-05
1.075441237593753918e+01 4.055171117906636846e-06
1.076440718296262133e+01 2.027585558953318677e-05
1.077440198998770349e+01 1.622068447162654738e-05
1.078439679701278564e+01 3.244136894325309477e-05
1.079439160403786957e+01 1.622068447162654738e-05
1.080438641106295172e+01 3.244136894325309477e-05
1.081438121808803210e+01 1.622068447162654738e-05
1.082437602511311425e+01 1.622068447162654738e-05
1.083437083213819818e+01 2.433102670743982277e-05
1.084436563916328033e+01 1.622068447162654738e-05
1.085436044618836249e+01 3.649654006115973754e-05
1.086435525321344286e+01 4.055171117906636846e-06
1.087435006023852502e+01 2.838619782534646216e-05
1.088434486726360895e+01 2.027585558953318677e-05
1.089433967428869110e+01 8.110342235813273692e-06
1.090433448131377325e+01 2.433102670743982277e-05
1.091432928833885363e+01 4.055171117906636846e-06
1.092432409536393756e+01 1.216551335371991138e-05
1.093431890238901971e+01 1.622068447162654738e-05
1.094431370941410187e+01 1.216551335371991138e-05
1.095430851643918402e+01 1.216551335371991138e-05
1.096430332346426617e+01 8.110342235813273692e-06
1.097429813048934832e+01 3.244136894325309477e-05
1.098429293751443048e+01 3.244136894325309477e-05
1.099428774453951263e+01 1.622068447162654738e-05
1.100428255156459478e+01 2.838619782534646216e-05
1.101427735858967694e+01 1.216551335371991138e-05
1.102427216561475909e+01 1.216551335371991138e-05
1.103426697263984124e+01 8.110342235813273692e-06
1.104426177966492340e+01 2.027585558953318677e-05
1.105425658669000555e+01 8.110342235813273692e-06
1.106425139371508770e+01 1.622068447162654738e-05
1.107424620074016985e+01 1.216551335371991138e-05
1.108424100776525201e+01 0.000000000000000000e+00
1.109423581479033416e+01 1.216551335371991138e-05
1.110423062181541631e+01 1.216551335371991138e-05
1.111422542884049847e+01 1.622068447162654738e-05
1.112422023586558062e+01 2.027585558953318677e-05
1.113421504289066277e+01 1.216551335371991138e-05
1.114420984991574670e+01 2.838619782534646216e-05
1.115420465694082708e+01 8.110342235813273692e-06
1.116419946396590923e+01 8.110342235813273692e-06
1.117419427099099138e+01 8.110342235813273692e-06
1.118418907801607531e+01 4.055171117906636846e-06
1.119418388504115747e+01 1.216551335371991138e-05
1.120417869206623962e+01 2.433102670743982277e-05
1.121417349909132000e+01 8.110342235813273692e-06
1.122416830611640215e+01 4.055171117906636846e-06
1.123416311314148608e+01 2.027585558953318677e-05
1.124415792016656823e+01 8.110342235813273692e-06
1.125415272719165038e+01 2.433102670743982277e-05
1.126414753421673076e+01 1.622068447162654738e-05
1.127414234124181469e+01 1.622068447162654738e-05
1.128413714826689684e+01 1.216551335371991138e-05
1.129413195529197900e+01 2.027585558953318677e-05
1.130412676231706115e+01 2.433102670743982277e-05
1.131412156934214153e+01 4.055171117906636846e-06
1.132411637636722546e+01 1.622068447162654738e-05
1.133411118339230761e+01 1.622068447162654738e-05
1.134410599041738976e+01 2.838619782534646216e-05
1.135410079744247192e+01 4.055171117906636846e-06
1.136409560446755407e+01 4.055171117906636846e-06
1.137409041149263622e+01 8.110342235813273692e-06
1.138408521851771837e+01 1.622068447162654738e-05
1.139408002554280053e+01 1.216551335371991138e-05
1.140407483256788268e+01 1.622068447162654738e-05
1.141406963959296483e+01 8.110342235813273692e-06
1.142406444661804699e+01 1.216551335371991138e-05
1.143405925364312914e+01 8.110342235813273692e-06
1.144405406066821129e+01 4.055171117906636846e-06
1.145404886769329345e+01 1.216551335371991138e-05
1.146404367471837560e+01 8.110342235813273692e-06
1.147403848174345775e+01 1.216551335371991138e-05
1.148403328876853990e+01 4.055171117906636846e-06
1.149402809579362383e+01 0.000000000000000000e+00
1.150402290281870421e+01 1.216551335371991138e-05
1.151401770984378636e+01 1.216551335371991138e-05
1.152401251686886852e+01 4.055171117906636846e-06
1.153400732389395067e+01 2.433102670743982277e-05
1.154400213091903460e+01 2.027585558953318677e-05
1.155399693794411498e+01 8.110342235813273692e-06
1.156399174496919713e+01 1.216551335371991138e-05
1.157398655199427928e+01 1.216551335371991138e-05
1.158398135901936321e+01 8.110342235813273692e-06
1.159397616604444536e+01 4.055171117906636846e-06
1.160397097306952752e+01 4.055171117906636846e-06
1.161396578009460789e+01 4.055171117906636846e-06
1.162396058711969005e+01 1.216551335371991138e-05
1.163395539414477398e+01 4.055171117906636846e-06
1.164395020116985613e+01 1.216551335371991138e-05
1.165394500819493828e+01 4.055171117906636846e-06
1.166393981522001866e+01 8.110342235813273692e-06
1.167393462224510259e+01 4.055171117906636846e-06
1.168392942927018474e+01 4.055171117906636846e-06
1.169392423629526689e+01 4.055171117906636846e-06
1.170391904332034905e+01 8.110342235813273692e-06
1.171391385034543120e+01 4.055171117906636846e-06
1.172390865737051335e+01 1.216551335371991138e-05
1.173390346439559551e+01 1.622068447162654738e-05
1.174389827142067766e+01 4.055171117906636846e-06
1.175389307844575981e+01 1.216551335371991138e-05
1.176388788547084197e+01 8.110342235813273692e-06
1.177388269249592412e+01 1.216551335371991138e-05
1.178387749952100627e+01 4.055171117906636846e-06
1.179387230654608842e+01 8.110342235813273692e-06
1.180386711357117058e+01 4.055171117906636846e-06
1.181386192059625273e+01 1.622068447162654738e-05
1.182385672762133488e+01 4.055171117906636846e-06
1.183385153464641704e+01 4.055171117906636846e-06
1.184384634167149919e+01 4.055171117906636846e-06
1.185384114869658134e+01 1.216551335371991138e-05
1.186383595572166350e+01 1.622068447162654738e-05
1.187383076274674565e+01 1.216551335371991138e-05
1.188382556977182780e+01 4.055171117906636846e-06
1.189382037679691173e+01 1.216551335371991138e-05
1.190381518382199211e+01 4.055171117906636846e-06
1.191380999084707426e+01 0.000000000000000000e+00
1.192380479787215641e+01 4.055171117906636846e-06
1.193379960489724034e+01 4.055171117906636846e-06
1.194379441192232250e+01 1.216551335371991138e-05
1.195378921894740287e+01 0.000000000000000000e+00
1.196378402597248503e+01 1.216551335371991138e-05
1.197377883299756718e+01 8.110342235813273692e-06
1.198377364002265111e+01 1.216551335371991138e-05
1.199376844704773326e+01 1.216551335371991138e-05
1.200376325407281541e+01 1.216551335371991138e-05
1.201375806109789579e+01 2.027585558953318677e-05
1.202375286812297972e+01 4.055171117906636846e-06
1.203374767514806187e+01 8.110342235813273692e-06
1.204374248217314403e+01 1.622068447162654738e-05
1.205373728919822618e+01 4.055171117906636846e-06
1.206373209622330656e+01 4.055171117906636846e-06
1.207372690324839049e+01 1.622068447162654738e-05
1.208372171027347264e+01 0.000000000000000000e+00
1.209371651729855479e+01 8.110342235813273692e-06
1.210371132432363694e+01 4.055171117906636846e-06
1.211370613134871910e+01 8.110342235813273692e-06
1.212370093837380125e+01 8.110342235813273692e-06
1.213369574539888340e+01 8.110342235813273692e-06
1.214369055242396556e+01 0.000000000000000000e+00
1.215368535944904771e+01 8.110342235813273692e-06
1.216368016647412986e+01 1.216551335371991138e-05
1.217367497349921202e+01 0.000000000000000000e+00
1.218366978052429417e+01 4.055171117906636846e-06
1.219366458754937632e+01 1.216551335371991138e-05
1.220365939457445847e+01 4.055171117906636846e-06
1.221365420159953885e+01 8.110342235813273692e-06
1.222364900862462278e+01 4.055171117906636846e-06
1.223364381564970493e+01 0.000000000000000000e+00
1.224363862267478709e+01 8.110342235813273692e-06
1.225363342969986924e+01 8.110342235813273692e-06
1.226362823672495139e+01 4.055171117906636846e-06
1.227362304375003177e+01 4.055171117906636846e-06
1.228361785077511392e+01 0.000000000000000000e+00
1.229361265780019608e+01 1.216551335371991138e-05
1.230360746482527823e+01 0.000000000000000000e+00
1.231360227185036216e+01 0.000000000000000000e+00
1.232359707887544431e+01 8.110342235813273692e-06
1.233359188590052646e+01 4.055171117906636846e-06
1.234358669292560862e+01 0.000000000000000000e+00
1.235358149995069077e+01 4.055171117906636846e-06
1.236357630697577292e+01 4.055171117906636846e-06
1.237357111400085330e+01 0.000000000000000000e+00
1.238356592102593545e+01 4.055171117906636846e-06
1.239356072805101761e+01 4.055171117906636846e-06
1.240355553507610331e+01 4.055171117906636846e-06
1.241355034210118369e+01 8.110342235813273692e-06
1.242354514912626584e+01 1.622068447162654738e-05
1.243353995615134799e+01 0.000000000000000000e+00
1.244353476317643015e+01 8.110342235813273692e-06
1.245352957020151230e+01 4.055171117906636846e-06
1.246352437722659445e+01 4.055171117906636846e-06
1.247351918425167661e+01 0.000000000000000000e+00
1.248351399127675698e+01 4.055171117906636846e-06
1.249350879830184269e+01 4.055171117906636846e-06
1.250350360532692484e+01 0.000000000000000000e+00
1.251349841235200522e+01 8.110342235813273692e-06
1.252349321937708737e+01 4.055171117906636846e-06
1.253348802640216952e+01 0.000000000000000000e+00
1.254348283342725168e+01 4.055171117906636846e-06
1.255347764045233383e+01 4.055171117906636846e-06
1.256347244747741598e+01 4.055171117906636846e-06
1.257346725450249991e+01 8.110342235813273692e-06
1.258346206152758207e+01 0.000000000000000000e+00
1.259345686855266422e+01 8.110342235813273692e-06
1.260345167557774637e+01 4.055171117906636846e-06
1.261344648260282852e+01 0.000000000000000000e+00
1.262344128962790890e+01 0.000000000000000000e+00
1.263343609665299105e+01 4.055171117906636846e-06
1.264343090367807321e+01 0.000000000000000000e+00
1.265342571070315536e+01 4.055171117906636846e-06
1.266342051772823929e+01 4.055171117906636846e-06
1.267341532475332144e+01 1.216551335371991138e-05
1.268341013177840360e+01 4.055171117906636846e-06
1.269340493880348575e+01 4.055171117906636846e-06
1.270339974582856790e+01 4.055171117906636846e-06
1.271339455285365005e+01 4.055171117906636846e-06
1.272338935987873043e+01 4.055171117906636846e-06
1.273338416690381258e+01 0.000000000000000000e+00
1.274337897392889474e+01 4.055171117906636846e-06
1.275337378095398044e+01 4.055171117906636846e-06
1.276336858797906082e+01 0.000000000000000000e+00
1.277336339500414297e+01 8.110342235813273692e-06
1.278335820202922513e+01 0.000000000000000000e+00
1.279335300905430728e+01 0.000000000000000000e+00
1.280334781607938943e+01 0.000000000000000000e+00
1.281334262310447158e+01 4.055171117906636846e-06
1.282333743012955196e+01 8.110342235813273692e-06
1.283333223715463411e+01 4.055171117906636846e-06
1.284332704417971982e+01 0.000000000000000000e+00
1.285332185120480197e+01 0.000000000000000000e+00
1.286331665822988235e+01 0.000000000000000000e+00
1.287331146525496450e+01 0.000000000000000000e+00
1.288330627228004666e+01 4.055171117906636846e-06
1.289330107930512881e+01 0.000000000000000000e+00
1.290329588633021096e+01 0.000000000000000000e+00
1.291329069335529312e+01 4.055171117906636846e-06
1.292328550038037527e+01 4.055171117906636846e-06
1.293328030740545920e+01 0.000000000000000000e+00
1.294327511443054135e+01 0.000000000000000000e+00
1.295326992145562350e+01 0.000000000000000000e+00
1.296326472848070388e+01 8.110342235813273692e-06
1.297325953550578603e+01 0.000000000000000000e+00
1.298325434253086819e+01 0.000000000000000000e+00
1.299324914955595034e+01 0.000000000000000000e+00
1.300324395658103249e+01 8.110342235813273692e-06
1.301323876360611465e+01 0.000000000000000000e+00
1.302323357063119857e+01 4.055171117906636846e-06
1.303322837765628073e+01 0.000000000000000000e+00
1.304322318468136288e+01 0.000000000000000000e+00
1.305321799170644503e+01 0.000000000000000000e+00
1.306321279873152719e+01 4.055171117906636846e-06
1.307320760575660756e+01 8.110342235813273692e-06
1.308320241278168972e+01 0.000000000000000000e+00
1.309319721980677187e+01 4.055171117906636846e-06
1.310319202683185580e+01 0.000000000000000000e+00
1.311318683385693795e+01 4.055171117906636846e-06
1.312318164088202010e+01 0.000000000000000000e+00
1.313317644790710226e+01 0.000000000000000000e+00
1.314317125493218441e+01 0.000000000000000000e+00
1.315316606195726656e+01 0.000000000000000000e+00
1.316316086898234872e+01 0.000000000000000000e+00
1.317315567600742909e+01 4.055171117906636846e-06
1.318315048303251125e+01 1.622068447162654738e-05
1.319314529005759695e+01 0.000000000000000000e+00
1.320314009708267911e+01 0.000000000000000000e+00
1.321313490410775948e+01 4.055171117906636846e-06
1.322312971113284163e+01 0.000000000000000000e+00
1.323312451815792379e+01 0.000000000000000000e+00
1.324311932518300594e+01 0.000000000000000000e+00
1.325311413220808809e+01 0.000000000000000000e+00
1.326310893923317025e+01 0.000000000000000000e+00
1.327310374625825240e+01 0.000000000000000000e+00
1.328309855328333633e+01 4.055171117906636846e-06
1.329309336030841848e+01 1.216551335371991138e-05
1.330308816733350064e+01 8.110342235813273692e-06
1.331308297435858101e+01 0.000000000000000000e+00
1.332307778138366317e+01 1.216551335371991138e-05
1.333307258840874532e+01 8.110342235813273692e-06
1.334306739543382747e+01 4.055171117906636846e-06
1.335306220245890962e+01 8.110342235813273692e-06
1.336305700948399178e+01 4.055171117906636846e-06
1.337305181650907571e+01 0.000000000000000000e+00
1.338304662353415786e+01 8.110342235813273692e-06
1.339304143055924001e+01 0.000000000000000000e+00
1.340303623758432217e+01 0.000000000000000000e+00
1.341303104460940432e+01 4.055171117906636846e-06
1.342302585163448470e+01 4.055171117906636846e-06
1.343302065865956685e+01 0.000000000000000000e+00
1.344301546568464900e+01 0.000000000000000000e+00
1.345301027270973115e+01 4.055171117906636846e-06
1.346300507973481508e+01 8.110342235813273692e-06
1.347299988675989724e+01 0.000000000000000000e+00
1.348299469378497939e+01 0.000000000000000000e+00
1.349298950081006154e+01 0.000000000000000000e+00
1.350298430783514370e+01 0.000000000000000000e+00
1.351297911486022585e+01 0.000000000000000000e+00
1.352297392188530623e+01 0.000000000000000000e+00
1.353296872891038838e+01 0.000000000000000000e+00
1.354296353593547053e+01 8.110342235813273692e-06
1.355295834296055624e+01 0.000000000000000000e+00
1.356295314998563661e+01 4.055171117906636846e-06
1.357294795701071877e+01 0.000000000000000000e+00
1.358294276403580092e+01 0.000000000000000000e+00
1.359293757106088307e+01 0.000000000000000000e+00
1.360293237808596523e+01 0.000000000000000000e+00
1.361292718511104738e+01 0.000000000000000000e+00
1.362292199213612953e+01 0.000000000000000000e+00
1.363291679916121346e+01 0.000000000000000000e+00
1.364291160618629561e+01 0.000000000000000000e+00
1.365290641321137777e+01 4.055171117906636846e-06
1.366290122023645814e+01 4.055171117906636846e-06
1.367289602726154030e+01 4.055171117906636846e-06
1.368289083428662245e+01 0.000000000000000000e+00
1.369288564131170460e+01 0.000000000000000000e+00
1.370288044833678676e+01 0.000000000000000000e+00
1.371287525536186891e+01 4.055171117906636846e-06
1.372287006238695284e+01 0.000000000000000000e+00
1.373286486941203499e+01 4.055171117906636846e-06
1.374285967643711714e+01 4.055171117906636846e-06
1.375285448346219930e+01 0.000000000000000000e+00
1.376284929048728145e+01 0.000000000000000000e+00
1.377284409751236183e+01 0.000000000000000000e+00
1.378283890453744398e+01 0.000000000000000000e+00
1.379283371156252613e+01 0.000000000000000000e+00
1.380282851858760829e+01 0.000000000000000000e+00
1.381282332561269222e+01 0.000000000000000000e+00
1.382281813263777437e+01 0.000000000000000000e+00
1.383281293966285652e+01 0.000000000000000000e+00
1.384280774668793867e+01 0.000000000000000000e+00
1.385280255371302083e+01 0.000000000000000000e+00
1.386279736073810298e+01 0.000000000000000000e+00
1.387279216776318336e+01 4.055171117906636846e-06
1.388278697478826551e+01 0.000000000000000000e+00
1.389278178181334766e+01 0.000000000000000000e+00
1.390277658883843337e+01 0.000000000000000000e+00
1.391277139586351375e+01 0.000000000000000000e+00
1.392276620288859590e+01 4.055171117906636846e-06
1.393276100991367805e+01 0.000000000000000000e+00
1.394275581693876020e+01 0.000000000000000000e+00
1.395275062396384236e+01 0.000000000000000000e+00
1.396274543098892451e+01 0.000000000000000000e+00
1.397274023801400489e+01 0.000000000000000000e+00
1.398273504503908704e+01 8.110342235813273692e-06
1.399272985206417275e+01 0.000000000000000000e+00
1.400272465908925490e+01 0.000000000000000000e+00
1.401271946611433528e+01 0.000000000000000000e+00
1.402271427313941743e+01 0.000000000000000000e+00
1.403270908016449958e+01 0.000000000000000000e+00
1.404270388718958174e+01 0.000000000000000000e+00
1.405269869421466389e+01 0.000000000000000000e+00
1.406269350123974604e+01 0.000000000000000000e+00
1.407268830826482997e+01 0.000000000000000000e+00
1.408268311528991212e+01 4.055171117906636846e-06
1.409267792231499428e+01 0.000000000000000000e+00
1.410267272934007643e+01 0.000000000000000000e+00
1.411266753636515681e+01 0.000000000000000000e+00
1.412266234339023896e+01 0.000000000000000000e+00
1.413265715041532111e+01 4.055171117906636846e-06
1.414265195744040327e+01 0.000000000000000000e+00
1.415264676446548542e+01 0.000000000000000000e+00
1.416264157149056935e+01 0.000000000000000000e+00
1.417263637851565150e+01 0.000000000000000000e+00
1.418263118554073365e+01 0.000000000000000000e+00
1.419262599256581581e+01 4.055171117906636846e-06
1.420262079959089796e+01 0.000000000000000000e+00
1.421261560661598011e+01 0.000000000000000000e+00
1.422261041364106049e+01 0.000000000000000000e+00
1.423260522066614264e+01 0.000000000000000000e+00
1.424260002769122480e+01 0.000000000000000000e+00
1.425259483471630872e+01 0.000000000000000000e+00
1.426258964174139088e+01 4.055171117906636846e-06
1.427258444876647303e+01 0.000000000000000000e+00
1.428257925579155518e+01 4.055171117906636846e-06
1.429257406281663734e+01 0.000000000000000000e+00
1.430256886984171949e+01 0.000000000000000000e+00
1.431256367686680164e+01 0.000000000000000000e+00
1.432255848389188202e+01 0.000000000000000000e+00
1.433255329091696417e+01 0.000000000000000000e+00
1.434254809794204988e+01 0.000000000000000000e+00
1.435254290496713203e+01 0.000000000000000000e+00
1.436253771199221241e+01 0.000000000000000000e+00
1.437253251901729456e+01 0.000000000000000000e+00
1.438252732604237671e+01 0.000000000000000000e+00
1.439252213306745887e+01 0.000000000000000000e+00
1.440251694009254102e+01 0.000000000000000000e+00
1.441251174711762317e+01 0.000000000000000000e+00
1.442250655414270533e+01 0.000000000000000000e+00
1.443250136116778926e+01 0.000000000000000000e+00
1.444249616819287141e+01 0.000000000000000000e+00
1.445249097521795356e+01 0.000000000000000000e+00
1.446248578224303394e+01 0.000000000000000000e+00
1.447248058926811609e+01 0.000000000000000000e+00
1.448247539629319824e+01 0.000000000000000000e+00
1.449247020331828040e+01 0.000000000000000000e+00
1.450246501034336255e+01 0.000000000000000000e+00
1.451245981736844470e+01 0.000000000000000000e+00
1.452245462439352863e+01 0.000000000000000000e+00
1.453244943141861079e+01 0.000000000000000000e+00
1.454244423844369294e+01 0.000000000000000000e+00
1.455243904546877509e+01 0.000000000000000000e+00
1.456243385249385724e+01 0.000000000000000000e+00
1.457242865951893762e+01 0.000000000000000000e+00
1.458242346654401977e+01 0.000000000000000000e+00
1.459241827356910193e+01 0.000000000000000000e+00
1.460241308059418586e+01 8.110342235813273692e-06
1.461240788761926801e+01 0.000000000000000000e+00
1.462240269464435016e+01 0.000000000000000000e+00
1.463239750166943232e+01 0.000000000000000000e+00
1.464239230869451447e+01 0.000000000000000000e+00
1.465238711571959662e+01 0.000000000000000000e+00
1.466238192274467877e+01 0.000000000000000000e+00
1.467237672976975915e+01 4.055171117906636846e-06
1.468237153679484130e+01 0.000000000000000000e+00
1.469236634381992701e+01 0.000000000000000000e+00
1.470236115084500916e+01 0.000000000000000000e+00
1.471235595787008954e+01 0.000000000000000000e+00
1.472235076489517169e+01 4.055171117906636846e-06
1.473234557192025385e+01 0.000000000000000000e+00
1.474234037894533600e+01 0.000000000000000000e+00
1.475233518597041815e+01 0.000000000000000000e+00
1.476232999299550031e+01 4.055171117906636846e-06
1.477232480002058068e+01 0.000000000000000000e+00
1.478231960704566639e+01 0.000000000000000000e+00
1.479231441407074854e+01 0.000000000000000000e+00
1.480230922109583069e+01 0.000000000000000000e+00
1.481230402812091107e+01 0.000000000000000000e+00
1.482229883514599322e+01 0.000000000000000000e+00
1.483229364217107538e+01 0.000000000000000000e+00
1.484228844919615753e+01 0.000000000000000000e+00
1.485228325622123968e+01 0.000000000000000000e+00
1.486227806324632184e+01 0.000000000000000000e+00
1.487227287027140576e+01 0.000000000000000000e+00
1.488226767729648792e+01 0.000000000000000000e+00
1.489226248432157007e+01 0.000000000000000000e+00
1.490225729134665222e+01 0.000000000000000000e+00
1.491225209837173260e+01 0.000000000000000000e+00
1.492224690539681475e+01 0.000000000000000000e+00
1.493224171242189691e+01 0.000000000000000000e+00
1.494223651944697906e+01 0.000000000000000000e+00
1.495223132647206121e+01 0.000000000000000000e+00
1.496222613349714514e+01 0.000000000000000000e+00
1.497222094052222729e+01 0.000000000000000000e+00
1.498221574754730945e+01 0.000000000000000000e+00
1.499221055457239160e+01 0.000000000000000000e+00
1.500220536159747375e+01 0.000000000000000000e+00
1.501220016862255591e+01 0.000000000000000000e+00
1.502219497564763628e+01 0.000000000000000000e+00
1.503218978267271844e+01 0.000000000000000000e+00
1.504218458969780059e+01 0.000000000000000000e+00
1.505217939672288452e+01 0.000000000000000000e+00
1.506217420374796667e+01 0.000000000000000000e+00
1.507216901077304883e+01 0.000000000000000000e+00
1.508216381779813098e+01 0.000000000000000000e+00
1.509215862482321313e+01 0.000000000000000000e+00
1.510215343184829528e+01 0.000000000000000000e+00
1.511214823887337744e+01 0.000000000000000000e+00
1.512214304589845781e+01 0.000000000000000000e+00
1.513213785292354352e+01 0.000000000000000000e+00
1.514213265994862567e+01 0.000000000000000000e+00
1.515212746697370783e+01 0.000000000000000000e+00
1.516212227399878820e+01 0.000000000000000000e+00
1.517211708102387036e+01 0.000000000000000000e+00
1.518211188804895251e+01 0.000000000000000000e+00
1.519210669507403466e+01 0.000000000000000000e+00
1.520210150209911681e+01 0.000000000000000000e+00
1.521209630912419897e+01 0.000000000000000000e+00
1.522209111614928290e+01 0.000000000000000000e+00
1.523208592317436505e+01 0.000000000000000000e+00
1.524208073019944720e+01 0.000000000000000000e+00
1.525207553722452936e+01 0.000000000000000000e+00
1.526207034424960973e+01 0.000000000000000000e+00
1.527206515127469189e+01 0.000000000000000000e+00
1.528205995829977404e+01 4.055171117906636846e-06
1.529205476532485619e+01 0.000000000000000000e+00
1.530204957234993834e+01 0.000000000000000000e+00
1.531204437937502227e+01 0.000000000000000000e+00
1.532203918640010443e+01 0.000000000000000000e+00
1.533203399342518658e+01 0.000000000000000000e+00
1.534202880045026873e+01 0.000000000000000000e+00
1.535202360747535089e+01 0.000000000000000000e+00
1.536201841450043304e+01 0.000000000000000000e+00
1.537201322152551342e+01 0.000000000000000000e+00
1.538200802855059557e+01 0.000000000000000000e+00
1.539200283557567772e+01 0.000000000000000000e+00
1.540199764260076165e+01 0.000000000000000000e+00
1.541199244962584380e+01 0.000000000000000000e+00
1.542198725665092596e+01 4.055171117906636846e-06
1.543198206367600811e+01 0.000000000000000000e+00
1.544197687070109026e+01 0.000000000000000000e+00
1.545197167772617242e+01 0.000000000000000000e+00
1.546196648475125457e+01 0.000000000000000000e+00
1.547196129177633495e+01 0.000000000000000000e+00
1.548195609880141710e+01 0.000000000000000000e+00
1.549195090582650280e+01 0.000000000000000000e+00
1.550194571285158496e+01 0.000000000000000000e+00
1.551194051987666533e+01 0.000000000000000000e+00
1.552193532690174749e+01 0.000000000000000000e+00
1.553193013392682964e+01 0.000000000000000000e+00
1.554192494095191179e+01 0.000000000000000000e+00
1.555191974797699395e+01 0.000000000000000000e+00
1.556191455500207610e+01 0.000000000000000000e+00
1.557190936202715825e+01 0.000000000000000000e+00
1.558190416905224218e+01 0.000000000000000000e+00
1.559189897607732433e+01 0.000000000000000000e+00
1.560189378310240649e+01 0.000000000000000000e+00
1.561188859012748686e+01 0.000000000000000000e+00
1.562188339715256902e+01 4.055171117906636846e-06
1.563187820417765117e+01 0.000000000000000000e+00
1.564187301120273332e+01 0.000000000000000000e+00
1.565186781822781548e+01 0.000000000000000000e+00
1.566186262525289941e+01 0.000000000000000000e+00
1.567185743227798156e+01 0.000000000000000000e+00
1.568185223930306371e+01 0.000000000000000000e+00
1.569184704632814586e+01 0.000000000000000000e+00
1.570184185335322802e+01 0.000000000000000000e+00
1.571183666037831017e+01 0.000000000000000000e+00
1.572183146740339055e+01 0.000000000000000000e+00
1.573182627442847270e+01 0.000000000000000000e+00
1.574182108145355485e+01 0.000000000000000000e+00
1.575181588847863878e+01 0.000000000000000000e+00
1.576181069550372094e+01 0.000000000000000000e+00
1.577180550252880309e+01 0.000000000000000000e+00
1.578180030955388524e+01 0.000000000000000000e+00
1.579179511657896740e+01 0.000000000000000000e+00
1.580178992360404955e+01 0.000000000000000000e+00
1.581178473062913170e+01 0.000000000000000000e+00
1.582177953765421208e+01 0.000000000000000000e+00
1.583177434467929423e+01 0.000000000000000000e+00
1.584176915170437994e+01 0.000000000000000000e+00
1.585176395872946209e+01 0.000000000000000000e+00
1.586175876575454247e+01 0.000000000000000000e+00
1.587175357277962462e+01 0.000000000000000000e+00
1.588174837980470677e+01 0.000000000000000000e+00
1.589174318682978893e+01 0.000000000000000000e+00
1.590173799385487108e+01 0.000000000000000000e+00
1.591173280087995323e+01 0.000000000000000000e+00
1.592172760790503361e+01 0.000000000000000000e+00
1.593172241493011931e+01 0.000000000000000000e+00
1.594171722195520147e+01 0.000000000000000000e+00
1.595171202898028362e+01 0.000000000000000000e+00
1.596170683600536400e+01 0.000000000000000000e+00
1.597170164303044615e+01 0.000000000000000000e+00
1.598169645005552830e+01 0.000000000000000000e+00
1.599169125708061046e+01 0.000000000000000000e+00
1.600168606410569083e+01 0.000000000000000000e+00
1.601168087113077476e+01 0.000000000000000000e+00
1.602167567815585869e+01 0.000000000000000000e+00
1.603167048518093907e+01 0.000000000000000000e+00
1.604166529220602300e+01 0.000000000000000000e+00
1.605166009923110337e+01 0.000000000000000000e+00
1.606165490625618730e+01 4.055171117906636846e-06
1.607164971328126768e+01 0.000000000000000000e+00
1.608164452030635161e+01 0.000000000000000000e+00
1.609163932733143199e+01 0.000000000000000000e+00
1.610163413435651236e+01 0.000000000000000000e+00
1.611162894138159984e+01 0.000000000000000000e+00
1.612162374840668022e+01 0.000000000000000000e+00
1.613161855543176060e+01 0.000000000000000000e+00
1.614161336245684453e+01 0.000000000000000000e+00
1.615160816948192490e+01 0.000000000000000000e+00
1.616160297650700883e+01 0.000000000000000000e+00
1.617159778353208921e+01 0.000000000000000000e+00
1.618159259055717314e+01 0.000000000000000000e+00
1.619158739758225707e+01 0.000000000000000000e+00
1.620158220460733745e+01 0.000000000000000000e+00
1.621157701163242137e+01 0.000000000000000000e+00
1.622157181865750175e+01 0.000000000000000000e+00
1.623156662568258568e+01 0.000000000000000000e+00
1.624156143270766606e+01 0.000000000000000000e+00
1.625155623973274643e+01 0.000000000000000000e+00
1.626155104675783036e+01 4.055171117906636846e-06
