# {"time_iteration": 1000000, "date_time": "20200920_151121", "ensemble_size": 10000, "alpha": 2, "probability": 0.25, "desc": {"columns": ["number of particles", "sum of surviving particle sizes"], "type": "ensemble average"}}
3.573700000000000099e+00 4.373357420696282610e-02
3.625599999999999934e+00 4.217257563229540041e-02
3.666199999999999903e+00 4.090577290411134825e-02
3.707699999999999996e+00 3.979089802365812223e-02
3.742700000000000138e+00 3.878599933280747064e-02
3.778599999999999959e+00 3.788160786940451830e-02
3.812899999999999956e+00 3.712936486501798583e-02
3.842000000000000082e+00 3.641652087311207653e-02
3.869099999999999984e+00 3.575393732889760312e-02
3.894899999999999807e+00 3.515320447034493700e-02
3.915900000000000158e+00 3.461152731728182191e-02
3.938000000000000167e+00 3.413069481334262550e-02
3.960100000000000176e+00 3.366373451751353274e-02
3.980900000000000105e+00 3.321858110652999713e-02
4.000600000000000378e+00 3.281854553914564238e-02
4.019499999999999851e+00 3.243489410884958790e-02
4.034600000000000186e+00 3.207729269002600192e-02
4.051499999999999879e+00 3.174419281301851109e-02
4.070000000000000284e+00 3.145590887444092015e-02
4.087500000000000355e+00 3.115559791773298351e-02
4.104899999999999771e+00 3.085747770442987328e-02
4.118800000000000239e+00 3.055348740693764747e-02
4.131400000000000183e+00 3.027635150172702100e-02
4.146099999999999675e+00 3.000878105680857694e-02
4.159600000000000186e+00 2.978854273835269614e-02
4.170899999999999608e+00 2.953511761040232900e-02
4.183500000000000441e+00 2.930701381567449304e-02
4.195899999999999963e+00 2.910651592246325109e-02
4.208599999999999675e+00 2.891608424192904786e-02
4.222800000000000331e+00 2.872042334889031434e-02
4.234600000000000364e+00 2.852304294766901116e-02
4.247200000000000308e+00 2.833724184416850159e-02
4.257399999999999629e+00 2.815429879500601362e-02
4.267299999999999649e+00 2.798652989167342911e-02
4.278699999999999726e+00 2.781213712552361647e-02
4.289200000000000124e+00 2.764392043914701974e-02
4.298300000000000232e+00 2.747997190897179948e-02
4.306700000000000195e+00 2.732974596510379800e-02
4.318399999999999572e+00 2.718435398216638432e-02
4.328700000000000436e+00 2.702611086219382230e-02
4.338199999999999612e+00 2.688472481408444442e-02
4.347800000000000331e+00 2.675750658195744786e-02
4.356499999999999595e+00 2.662036532222649549e-02
4.365099999999999980e+00 2.647210255271005910e-02
4.372899999999999565e+00 2.635333622800434955e-02
4.380099999999999660e+00 2.622335961036273075e-02
4.387699999999999712e+00 2.610349015312569965e-02
4.395999999999999908e+00 2.598552149754964485e-02
4.402700000000000280e+00 2.586679578687647862e-02
4.410199999999999676e+00 2.576097901307636967e-02
