# {"time_iteration": 1000000, "date_time": "20200919_210411", "ensemble_size": 10000, "alpha": 2, "probability": 0.25, "desc": {"columns": ["number of particles", "sum of surviving particle sizes"], "type": "ensemble average"}}
3.608699999999999797e+00 4.405589724786003469e-02
3.662100000000000133e+00 4.252905541187235183e-02
3.709000000000000075e+00 4.124009524847579988e-02
3.750799999999999912e+00 4.004088292414305361e-02
3.791500000000000092e+00 3.907170489346416253e-02
3.825000000000000178e+00 3.818977330253835872e-02
3.857600000000000140e+00 3.737187314119070486e-02
3.887599999999999945e+00 3.666390286162660161e-02
3.912599999999999856e+00 3.599316292929793243e-02
3.939000000000000057e+00 3.543351513308248130e-02
3.962699999999999889e+00 3.488417598402217268e-02
3.983499999999999819e+00 3.439209250063723217e-02
4.004199999999999982e+00 3.392973207461700419e-02
4.024000000000000021e+00 3.351726146504793724e-02
4.043099999999999916e+00 3.307050367848413802e-02
4.058300000000000018e+00 3.270093648439705014e-02
4.076800000000000423e+00 3.233438330155916085e-02
4.093399999999999928e+00 3.198197675964147002e-02
4.107400000000000162e+00 3.168191145148092219e-02
4.123199999999999754e+00 3.138687515164562125e-02
4.140399999999999636e+00 3.107831855265493978e-02
4.154300000000000104e+00 3.077875702678170566e-02
4.167900000000000382e+00 3.051017603957136004e-02
4.181300000000000239e+00 3.025996979362007011e-02
4.195599999999999774e+00 3.001905631626157825e-02
4.208700000000000330e+00 2.977308291874171745e-02
4.221400000000000041e+00 2.954753252621111423e-02
4.233500000000000263e+00 2.933553278915978363e-02
4.245700000000000252e+00 2.911316747891152037e-02
4.255899999999999572e+00 2.892118757144842081e-02
4.266600000000000392e+00 2.874950486482577908e-02
4.276699999999999946e+00 2.857504938789997423e-02
4.287099999999999689e+00 2.838472808544427808e-02
4.297600000000000087e+00 2.819979816829742969e-02
4.309499999999999886e+00 2.801638112874916403e-02
4.319200000000000372e+00 2.784151149139156567e-02
4.330400000000000027e+00 2.769229867993095243e-02
4.339500000000000135e+00 2.754389594131415736e-02
4.349300000000000388e+00 2.739165422937088479e-02
4.360400000000000276e+00 2.725794964856023683e-02
4.371599999999999930e+00 2.712295213832354585e-02
4.380300000000000082e+00 2.698203585017646886e-02
4.389499999999999957e+00 2.685876477303864376e-02
4.398799999999999599e+00 2.671795643898201844e-02
4.406900000000000261e+00 2.659676480062838494e-02
4.416199999999999903e+00 2.647340069093681234e-02
4.424599999999999866e+00 2.635780553674218346e-02
4.431099999999999817e+00 2.623623050193947537e-02
4.440299999999999692e+00 2.614216877707337822e-02
4.447199999999999598e+00 2.601009077059577429e-02
