# {"time_iteration": 1000000, "date_time": "20200919_165241", "ensemble_size": 10000, "alpha": 2, "probability": 0.25, "desc": {"columns": ["number of particles", "sum of surviving particle sizes"], "type": "ensemble average"}}
3.610799999999999788e+00 4.417042129290810193e-02
3.659299999999999997e+00 4.248128231735773253e-02
3.707500000000000018e+00 4.109606280355645319e-02
3.748800000000000132e+00 4.000930867678143682e-02
3.787799999999999834e+00 3.897010139621373548e-02
3.823300000000000143e+00 3.815737324353652565e-02
3.854400000000000048e+00 3.736771921523397016e-02
3.885899999999999910e+00 3.664263648687355462e-02
3.912100000000000133e+00 3.598957169240409731e-02
3.937500000000000000e+00 3.541887505985937684e-02
3.959299999999999820e+00 3.486357252369898241e-02
3.981599999999999806e+00 3.437192444823749388e-02
4.005099999999999660e+00 3.392113277819634037e-02
4.024000000000000021e+00 3.348432284815006099e-02
4.043700000000000294e+00 3.306130162355943453e-02
4.062599999999999767e+00 3.268745996438631590e-02
4.078999999999999737e+00 3.232823013084243358e-02
4.094800000000000217e+00 3.197953541882321560e-02
4.112700000000000244e+00 3.164447650793019567e-02
4.128999999999999559e+00 3.133431324489600878e-02
4.145400000000000418e+00 3.103124671531783119e-02
4.158500000000000085e+00 3.076261802415672722e-02
4.172200000000000131e+00 3.049201266892630560e-02
4.187299999999999578e+00 3.022463516112923118e-02
4.199900000000000411e+00 2.996766990929141880e-02
4.211899999999999977e+00 2.974244924149338151e-02
4.222199999999999953e+00 2.953391542907243816e-02
4.234700000000000131e+00 2.930614297054402739e-02
4.245199999999999640e+00 2.910440725743194956e-02
4.257500000000000284e+00 2.890405489963606550e-02
4.269099999999999895e+00 2.871048105287267796e-02
4.279300000000000104e+00 2.850402470729954466e-02
4.288800000000000168e+00 2.831000353182456727e-02
4.299299999999999677e+00 2.813096857184923041e-02
4.309400000000000119e+00 2.794412372992882351e-02
4.320500000000000007e+00 2.778466226739036496e-02
4.329799999999999649e+00 2.760578191733895764e-02
4.338799999999999990e+00 2.744354102627960534e-02
4.347500000000000142e+00 2.730866829403068990e-02
4.354899999999999771e+00 2.716111159101395126e-02
4.364700000000000024e+00 2.702561711122755325e-02
4.373199999999999754e+00 2.690084605912637303e-02
4.382900000000000240e+00 2.674870250959624635e-02
4.390399999999999636e+00 2.661586561293919836e-02
4.398699999999999832e+00 2.650165294559216067e-02
4.406399999999999650e+00 2.638510412834852922e-02
4.413000000000000256e+00 2.624403816178205381e-02
4.422100000000000364e+00 2.613129672578117652e-02
4.429700000000000415e+00 2.601215598961024306e-02
4.437899999999999956e+00 2.589454036479468119e-02
