# {"time_iteration": 1000000, "date_time": "20200920_051248", "ensemble_size": 10000, "alpha": 2, "probability": 0.25, "desc": {"columns": ["number of particles", "sum of surviving particle sizes"], "type": "ensemble average"}}
3.578800000000000203e+00 4.345847108268995757e-02
3.632200000000000095e+00 4.198515637775179776e-02
3.677400000000000002e+00 4.065428444959665044e-02
3.715199999999999836e+00 3.950925081613616136e-02
3.753400000000000070e+00 3.846914428334277658e-02
3.787500000000000089e+00 3.765198930630007240e-02
3.817800000000000082e+00 3.689350702344695171e-02
3.848800000000000221e+00 3.622966754727620364e-02
3.875700000000000145e+00 3.559440956942687417e-02
3.900500000000000078e+00 3.502830200291020407e-02
3.922699999999999854e+00 3.449867861325151691e-02
3.946699999999999875e+00 3.403050963702736187e-02
3.967799999999999994e+00 3.357292856875913195e-02
3.988900000000000112e+00 3.312381030237008389e-02
4.008899999999999686e+00 3.273192567266877684e-02
4.027000000000000135e+00 3.236319524396151504e-02
4.044200000000000017e+00 3.201085785663229655e-02
4.059899999999999842e+00 3.166663970359380464e-02
4.075099999999999945e+00 3.133009213998970421e-02
4.091700000000000337e+00 3.103539908783076173e-02
4.104800000000000004e+00 3.076533051313220385e-02
4.118900000000000006e+00 3.047677352168029138e-02
4.131400000000000183e+00 3.021570224740560695e-02
4.144400000000000084e+00 2.997095298158616861e-02
4.159099999999999575e+00 2.972034547545706132e-02
4.173199999999999577e+00 2.948623441655147392e-02
4.186399999999999899e+00 2.924776262132082125e-02
4.198999999999999844e+00 2.901695231403620193e-02
4.211500000000000021e+00 2.880021576082743284e-02
4.224000000000000199e+00 2.861324953595315718e-02
4.233200000000000074e+00 2.840109737503495463e-02
4.245199999999999640e+00 2.820094373145345945e-02
4.255399999999999849e+00 2.803389707026285663e-02
4.265399999999999636e+00 2.786198553832239244e-02
4.274000000000000021e+00 2.769098897782644106e-02
4.284500000000000419e+00 2.752600920532500064e-02
4.293999999999999595e+00 2.736035403747408626e-02
4.302800000000000402e+00 2.721571025110139722e-02
4.312700000000000422e+00 2.707073173223061360e-02
4.321799999999999642e+00 2.692915226900314055e-02
4.329900000000000304e+00 2.679524345713080527e-02
4.339000000000000412e+00 2.666276335070026995e-02
4.348200000000000287e+00 2.653439593884694345e-02
4.357899999999999885e+00 2.641046172358204464e-02
4.364399999999999835e+00 2.630621322403036907e-02
4.373400000000000176e+00 2.618220984274515287e-02
4.381999999999999673e+00 2.605762828346638166e-02
4.389100000000000001e+00 2.594697186195652275e-02
4.397100000000000009e+00 2.584121604342295639e-02
4.405000000000000249e+00 2.571994919541087388e-02
