-9.285928933693283760e-01 5.912560285398216209e-07
-8.642529320612321042e-01 8.541444387000218796e-06
-7.999129707531358324e-01 5.456895460689836774e-05
-7.355730094450394496e-01 3.331816197984088790e-04
-6.712330481369431778e-01 1.226393702314337864e-03
-6.068930868288469060e-01 3.458175936908100545e-03
-5.425531255207505232e-01 9.185291329736874899e-03
-4.782131642126542515e-01 2.118263680804992333e-02
-4.138732029045579797e-01 4.338599683095993587e-02
-3.495332415964617079e-01 7.899974710928441002e-02
-2.851932802883654361e-01 1.277598727638657450e-01
-2.208533189802690533e-01 1.873707748941124684e-01
-1.565133576721727815e-01 2.551229737555135157e-01
-9.217339636407650971e-02 3.296783842658697061e-01
-2.783343505598012690e-02 4.087402120105761982e-01
3.650652625211614488e-02 4.823770019849840107e-01
1.008464875602124167e-01 5.479159265862427741e-01
1.651864488683087995e-01 6.009724049077874719e-01
2.295264101764049602e-01 6.417144964999385026e-01
2.938663714845013430e-01 6.736269130951388906e-01
3.582063327925975038e-01 6.925943769010969309e-01
4.225462941006938866e-01 7.005080639025824674e-01
4.868862554087902694e-01 6.980523304387928896e-01
5.512262167168864302e-01 6.855113194537836296e-01
6.155661780249828130e-01 6.661013507170268078e-01
6.799061393330791958e-01 6.375004670506023707e-01
7.442461006411753566e-01 6.028848643585660305e-01
8.085860619492717394e-01 5.705052457373489538e-01
8.729260232573681222e-01 5.336756058391582958e-01
9.372659845654642830e-01 4.956716056576071505e-01
1.001605945873560666e+00 4.602841113164665154e-01
1.065945907181656827e+00 4.232785756807326272e-01
1.130285868489753209e+00 3.922085282788629890e-01
1.194625829797849370e+00 3.638520200471354049e-01
1.258965791105945975e+00 3.331520835863100438e-01
1.323305752414042136e+00 3.016306564317096095e-01
1.387645713722138296e+00 2.741700405978219068e-01
1.451985675030234901e+00 2.484978827121139267e-01
1.516325636338331062e+00 2.217899869459818429e-01
1.580665597646427223e+00 1.965374907557224660e-01
1.645005558954523384e+00 1.769421649301038402e-01
1.709345520262619988e+00 1.610493382004116181e-01
1.773685481570716149e+00 1.464039788549066912e-01
1.838025442878812310e+00 1.304348841045279150e-01
1.902365404186908915e+00 1.145376554556051113e-01
1.966705365495005076e+00 1.013918756465598675e-01
2.031045326803101236e+00 8.997154875458757139e-02
2.095385288111197841e+00 7.849151560505751579e-02
2.159725249419294002e+00 6.884281388489804643e-02
2.224065210727390163e+00 6.083434307676513497e-02
2.288405172035486768e+00 5.421057794722619616e-02
2.352745133343582928e+00 4.868402310905078911e-02
2.417085094651679089e+00 4.438424082690731187e-02
2.481425055959775694e+00 3.939181622711238062e-02
2.545765017267871855e+00 3.574903257356923381e-02
2.610104978575968016e+00 3.287735283986048529e-02
2.674444939884064620e+00 2.958687226164286033e-02
2.738784901192160781e+00 2.577749482114770341e-02
2.803124862500256942e+00 2.233724795792248197e-02
2.867464823808353103e+00 2.002253469934710262e-02
2.931804785116449708e+00 1.807096517276422787e-02
2.996144746424545868e+00 1.603645799026949537e-02
3.060484707732642029e+00 1.376915038585582729e-02
3.124824669040738190e+00 1.173333931675821229e-02
3.189164630348834795e+00 1.007523091050714636e-02
3.253504591656931400e+00 9.098389161407066661e-03
3.317844552965027116e+00 8.071623408565681279e-03
3.382184514273123721e+00 7.123917301071910901e-03
3.446524475581220326e+00 6.652157315314349839e-03
3.510864436889316043e+00 6.175806811670389584e-03
3.575204398197412647e+00 5.528484246495948828e-03
3.639544359505509252e+00 5.077193108489017059e-03
3.703884320813604969e+00 4.229031482876829950e-03
3.768224282121701574e+00 3.538850448558686357e-03
3.832564243429798179e+00 3.140608792586770115e-03
3.896904204737893895e+00 2.594470398157300295e-03
3.961244166045990500e+00 2.265496859948423758e-03
4.025584127354086661e+00 2.003105064980442718e-03
4.089924088662183266e+00 1.663099041935511835e-03
4.154264049970279871e+00 1.510152065817976785e-03
4.218604011278374699e+00 1.245966761366901210e-03
4.282943972586471304e+00 1.026639924924910297e-03
4.347283933894567909e+00 8.221797661255303424e-04
4.411623895202664514e+00 8.298089048504042609e-04
4.475963856510761119e+00 9.875885047895827107e-04
4.540303817818857723e+00 8.999320111455766380e-04
4.604643779126952552e+00 6.720439850180226493e-04
4.668983740435049157e+00 5.449504738286869987e-04
4.733323701743145762e+00 4.198930172884529632e-04
4.797663663051242366e+00 3.618133668674139436e-04
4.862003624359338971e+00 3.012633245825235839e-04
4.926343585667435576e+00 2.025186897873232361e-04
4.990683546975530405e+00 1.653973960151211564e-04
5.055023508283627010e+00 2.209434299524914991e-04
5.119363469591723614e+00 2.675834154517164887e-04
5.183703430899820219e+00 2.759939238602404643e-04
5.248043392207916824e+00 2.511040245082030165e-04
5.312383353516013429e+00 2.061791921936229066e-04
5.376723314824108257e+00 1.740345441015311856e-04
5.441063276132204862e+00 1.176524701188286226e-04
5.505403237440301467e+00 6.111282066825762804e-05
5.569743198748398072e+00 3.954097716710180954e-05
5.634083160056494677e+00 2.432126864214401163e-05
5.698423121364591282e+00 5.044610696304518971e-05
5.762763082672686110e+00 8.749530449181364133e-05
5.827103043980782715e+00 6.148776966206914718e-05
5.891443005288879320e+00 4.759023718448052165e-05
5.955782966596975925e+00 4.121556822056504643e-05
6.020122927905072530e+00 3.940979202954331129e-05
6.084462889213169134e+00 1.533661091480953420e-05
6.148802850521263963e+00 1.712135178522089518e-06
6.213142811829360568e+00 1.640560282067937692e-08
6.277482773137457173e+00 7.043538419182482357e-08
6.341822734445553778e+00 4.496127081754508481e-10
6.406162695753650382e+00 1.836502888957758373e-06
6.470502657061745211e+00 1.583913907732270587e-05
6.534842618369841816e+00 3.881385578566320937e-05
6.599182579677938421e+00 2.529945436871572362e-05
6.663522540986035025e+00 6.337462835098728320e-06
6.727862502294131630e+00 4.633231288631023403e-07
6.792202463602228235e+00 1.489789845376954247e-07
6.856542424910323064e+00 0.000000000000000000e+00
6.920882386218419668e+00 1.773361191934053060e-06
6.985222347526516273e+00 1.491813913247208578e-05
7.049562308834612878e+00 3.762140422237936210e-05
7.113902270142709483e+00 2.651480092065450211e-05
7.178242231450804312e+00 7.181084619972688543e-06
7.242582192758901805e+00 7.137778960386587102e-07
