1.035019525034516601e-03 2.690000000000000000e+02
2.030468311367426750e-03 7.840000000000000000e+02
3.025917097700336900e-03 1.261000000000000000e+03
4.021365884033246615e-03 1.677000000000000000e+03
5.016814670366156331e-03 1.957000000000000000e+03
6.012263456699066914e-03 2.290000000000000000e+03
7.007712243031976630e-03 2.713000000000000000e+03
8.003161029364885479e-03 3.139000000000000000e+03
8.998609815697795195e-03 3.350000000000000000e+03
9.994058602030704910e-03 3.505000000000000000e+03
1.098950738836361463e-02 3.901000000000000000e+03
1.198495617469652608e-02 4.135000000000000000e+03
1.298040496102943579e-02 4.210000000000000000e+03
1.397585374736234551e-02 4.530000000000000000e+03
1.497130253369525522e-02 4.467000000000000000e+03
1.596675132002816494e-02 4.564000000000000000e+03
1.696220010636107639e-02 4.664000000000000000e+03
1.795764889269398437e-02 4.806000000000000000e+03
1.895309767902689582e-02 4.652000000000000000e+03
1.994854646535980380e-02 4.786000000000000000e+03
2.094399525169271525e-02 4.917000000000000000e+03
2.193944403802562323e-02 4.763000000000000000e+03
2.293489282435853469e-02 4.755000000000000000e+03
2.393034161069144614e-02 4.751000000000000000e+03
2.492579039702435412e-02 4.743000000000000000e+03
2.592123918335726557e-02 4.563000000000000000e+03
2.691668796969017355e-02 4.534000000000000000e+03
2.791213675602308500e-02 4.411000000000000000e+03
2.890758554235599298e-02 4.308000000000000000e+03
2.990303432868890443e-02 4.211000000000000000e+03
3.089848311502181241e-02 4.025000000000000000e+03
3.189393190135472733e-02 3.893000000000000000e+03
3.288938068768763878e-02 3.688000000000000000e+03
3.388482947402055023e-02 3.709000000000000000e+03
3.488027826035345474e-02 3.499000000000000000e+03
3.587572704668636620e-02 3.235000000000000000e+03
3.687117583301927765e-02 3.125000000000000000e+03
3.786662461935218910e-02 3.011000000000000000e+03
3.886207340568509361e-02 2.751000000000000000e+03
3.985752219201800506e-02 2.743000000000000000e+03
4.085297097835091651e-02 2.551000000000000000e+03
4.184841976468382796e-02 2.371000000000000000e+03
4.284386855101673941e-02 2.271000000000000000e+03
4.383931733734964392e-02 2.068000000000000000e+03
4.483476612368255537e-02 1.897000000000000000e+03
4.583021491001546682e-02 1.860000000000000000e+03
4.682566369634837827e-02 1.693000000000000000e+03
4.782111248268128972e-02 1.550000000000000000e+03
4.881656126901419424e-02 1.437000000000000000e+03
4.981201005534710569e-02 1.329000000000000000e+03
5.080745884168001714e-02 1.183000000000000000e+03
5.180290762801292859e-02 1.053000000000000000e+03
5.279835641434583310e-02 9.690000000000000000e+02
5.379380520067874455e-02 8.620000000000000000e+02
5.478925398701165600e-02 8.300000000000000000e+02
5.578470277334456745e-02 7.430000000000000000e+02
5.678015155967747890e-02 7.070000000000000000e+02
5.777560034601038341e-02 5.680000000000000000e+02
5.877104913234329486e-02 5.190000000000000000e+02
5.976649791867620631e-02 4.670000000000000000e+02
6.076194670500911776e-02 4.230000000000000000e+02
6.175739549134202228e-02 3.740000000000000000e+02
6.275284427767492679e-02 3.350000000000000000e+02
6.374829306400783824e-02 2.830000000000000000e+02
6.474374185034074969e-02 2.380000000000000000e+02
6.573919063667366114e-02 2.100000000000000000e+02
6.673463942300657259e-02 1.890000000000000000e+02
6.773008820933948404e-02 1.530000000000000000e+02
6.872553699567238161e-02 1.290000000000000000e+02
6.972098578200529306e-02 1.140000000000000000e+02
7.071643456833820451e-02 8.500000000000000000e+01
7.171188335467111596e-02 8.800000000000000000e+01
7.270733214100402741e-02 6.100000000000000000e+01
7.370278092733693887e-02 4.700000000000000000e+01
7.469822971366985032e-02 3.500000000000000000e+01
7.569367850000276177e-02 4.800000000000000000e+01
7.668912728633567322e-02 3.500000000000000000e+01
7.768457607266857079e-02 2.600000000000000000e+01
7.868002485900148224e-02 2.300000000000000000e+01
7.967547364533439369e-02 1.800000000000000000e+01
8.067092243166730514e-02 1.700000000000000000e+01
8.166637121800021659e-02 2.000000000000000000e+00
8.266182000433312804e-02 1.000000000000000000e+01
8.365726879066603949e-02 4.000000000000000000e+00
8.465271757699895094e-02 4.000000000000000000e+00
8.564816636333186239e-02 4.000000000000000000e+00
8.664361514966475997e-02 2.000000000000000000e+00
8.763906393599767142e-02 4.000000000000000000e+00
8.863451272233058287e-02 8.000000000000000000e+00
8.962996150866349432e-02 2.000000000000000000e+00
9.062541029499640577e-02 3.000000000000000000e+00
9.162085908132931722e-02 2.000000000000000000e+00
9.261630786766222867e-02 0.000000000000000000e+00
9.361175665399514012e-02 0.000000000000000000e+00
9.460720544032805157e-02 0.000000000000000000e+00
9.560265422666096302e-02 0.000000000000000000e+00
9.659810301299386059e-02 0.000000000000000000e+00
9.759355179932677204e-02 0.000000000000000000e+00
9.858900058565968350e-02 1.000000000000000000e+00
