1.007072115540823135e-03 6.940000000000000000e+02
2.005352982558130954e-03 2.096000000000000000e+03
3.003633849575438990e-03 3.259000000000000000e+03
4.001914716592746592e-03 4.237000000000000000e+03
5.000195583610054194e-03 5.288000000000000000e+03
5.998476450627362663e-03 6.119000000000000000e+03
6.996757317644670265e-03 6.869000000000000000e+03
7.995038184661977868e-03 7.569000000000000000e+03
8.993319051679285470e-03 8.111000000000000000e+03
9.991599918696593072e-03 8.522000000000000000e+03
1.098988078571390067e-02 8.878000000000000000e+03
1.198816165273121001e-02 9.039000000000000000e+03
1.298644251974851761e-02 9.178000000000000000e+03
1.398472338676582521e-02 9.501000000000000000e+03
1.498300425378313282e-02 9.490000000000000000e+03
1.598128512080044042e-02 9.372000000000000000e+03
1.697956598781774976e-02 9.038000000000000000e+03
1.797784685483505562e-02 8.894000000000000000e+03
1.897612772185236496e-02 8.640000000000000000e+03
1.997440858886967083e-02 8.484000000000000000e+03
2.097268945588698016e-02 8.075000000000000000e+03
2.197097032290428603e-02 7.796000000000000000e+03
2.296925118992159537e-02 7.262000000000000000e+03
2.396753205693890471e-02 6.814000000000000000e+03
2.496581292395621057e-02 6.499000000000000000e+03
2.596409379097351991e-02 6.056000000000000000e+03
2.696237465799082578e-02 5.610000000000000000e+03
2.796065552500813511e-02 5.202000000000000000e+03
2.895893639202544098e-02 4.768000000000000000e+03
2.995721725904275032e-02 4.216000000000000000e+03
3.095549812606005619e-02 3.894000000000000000e+03
3.195377899307736552e-02 3.482000000000000000e+03
3.295205986009467486e-02 3.055000000000000000e+03
3.395034072711198420e-02 2.690000000000000000e+03
3.494862159412928659e-02 2.492000000000000000e+03
3.594690246114659593e-02 2.095000000000000000e+03
3.694518332816390527e-02 1.807000000000000000e+03
3.794346419518121460e-02 1.582000000000000000e+03
3.894174506219851700e-02 1.417000000000000000e+03
3.994002592921582634e-02 1.169000000000000000e+03
4.093830679623313568e-02 9.830000000000000000e+02
4.193658766325044501e-02 8.260000000000000000e+02
4.293486853026775435e-02 6.600000000000000000e+02
4.393314939728505675e-02 6.050000000000000000e+02
4.493143026430236608e-02 5.190000000000000000e+02
4.592971113131967542e-02 4.270000000000000000e+02
4.692799199833698476e-02 3.150000000000000000e+02
4.792627286535429409e-02 2.030000000000000000e+02
4.892455373237159649e-02 1.740000000000000000e+02
4.992283459938890583e-02 1.720000000000000000e+02
5.092111546640621517e-02 1.240000000000000000e+02
5.191939633342352450e-02 7.100000000000000000e+01
5.291767720044082690e-02 7.200000000000000000e+01
5.391595806745813624e-02 5.200000000000000000e+01
5.491423893447544557e-02 4.700000000000000000e+01
5.591251980149275491e-02 3.000000000000000000e+01
5.691080066851006425e-02 2.200000000000000000e+01
5.790908153552736665e-02 1.500000000000000000e+01
5.890736240254467598e-02 1.000000000000000000e+01
5.990564326956198532e-02 5.000000000000000000e+00
6.090392413657929466e-02 4.000000000000000000e+00
6.190220500359659705e-02 4.000000000000000000e+00
6.290048587061390639e-02 2.000000000000000000e+00
6.389876673763121573e-02 2.000000000000000000e+00
6.489704760464852507e-02 3.000000000000000000e+00
6.589532847166583440e-02 0.000000000000000000e+00
6.689360933868314374e-02 2.000000000000000000e+00
