1.023915218192454147e-03 4.930000000000000000e+02
2.019327973098865824e-03 1.419000000000000000e+03
3.014740728005277284e-03 2.240000000000000000e+03
4.010153482911688744e-03 2.998000000000000000e+03
5.005566237818099770e-03 3.757000000000000000e+03
6.000978992724511664e-03 4.480000000000000000e+03
6.996391747630923558e-03 5.064000000000000000e+03
7.991804502537334584e-03 5.568000000000000000e+03
8.987217257443745611e-03 5.845000000000000000e+03
9.982630012350156637e-03 6.140000000000000000e+03
1.097804276725656940e-02 6.672000000000000000e+03
1.197345552216298042e-02 6.946000000000000000e+03
1.296886827706939145e-02 6.960000000000000000e+03
1.396428103197580421e-02 7.210000000000000000e+03
1.495969378688221524e-02 7.276000000000000000e+03
1.595510654178862453e-02 7.326000000000000000e+03
1.695051929669503729e-02 7.160000000000000000e+03
1.794593205160144658e-02 7.202000000000000000e+03
1.894134480650785934e-02 7.138000000000000000e+03
1.993675756141426864e-02 7.066000000000000000e+03
2.093217031632068140e-02 6.964000000000000000e+03
2.192758307122709416e-02 6.890000000000000000e+03
2.292299582613350345e-02 6.601000000000000000e+03
2.391840858103991621e-02 6.358000000000000000e+03
2.491382133594632897e-02 6.210000000000000000e+03
2.590923409085273826e-02 5.723000000000000000e+03
2.690464684575915102e-02 5.525000000000000000e+03
2.790005960066556379e-02 5.213000000000000000e+03
2.889547235557197308e-02 4.945000000000000000e+03
2.989088511047838584e-02 4.664000000000000000e+03
3.088629786538479513e-02 4.407000000000000000e+03
3.188171062029120789e-02 4.089000000000000000e+03
3.287712337519761718e-02 3.842000000000000000e+03
3.387253613010403341e-02 3.411000000000000000e+03
3.486794888501044271e-02 3.156000000000000000e+03
3.586336163991685200e-02 2.961000000000000000e+03
3.685877439482326823e-02 2.626000000000000000e+03
3.785418714972967752e-02 2.445000000000000000e+03
3.884959990463608681e-02 2.154000000000000000e+03
3.984501265954249610e-02 1.924000000000000000e+03
4.084042541444891233e-02 1.661000000000000000e+03
4.183583816935532163e-02 1.533000000000000000e+03
4.283125092426173092e-02 1.350000000000000000e+03
4.382666367916814715e-02 1.212000000000000000e+03
4.482207643407455644e-02 1.039000000000000000e+03
4.581748918898096573e-02 8.770000000000000000e+02
4.681290194388738196e-02 8.120000000000000000e+02
4.780831469879379125e-02 6.310000000000000000e+02
4.880372745370020054e-02 5.560000000000000000e+02
4.979914020860661678e-02 4.890000000000000000e+02
5.079455296351302607e-02 3.940000000000000000e+02
5.178996571841943536e-02 3.520000000000000000e+02
5.278537847332585159e-02 2.790000000000000000e+02
5.378079122823226088e-02 2.240000000000000000e+02
5.477620398313867017e-02 1.870000000000000000e+02
5.577161673804508640e-02 1.500000000000000000e+02
5.676702949295149569e-02 1.240000000000000000e+02
5.776244224785790499e-02 1.030000000000000000e+02
5.875785500276431428e-02 9.500000000000000000e+01
5.975326775767073051e-02 7.800000000000000000e+01
6.074868051257713980e-02 6.000000000000000000e+01
6.174409326748354909e-02 3.800000000000000000e+01
6.273950602238996532e-02 2.600000000000000000e+01
6.373491877729638155e-02 3.000000000000000000e+01
6.473033153220279778e-02 1.800000000000000000e+01
6.572574428710920014e-02 1.500000000000000000e+01
6.672115704201561637e-02 6.000000000000000000e+00
6.771656979692203260e-02 7.000000000000000000e+00
6.871198255182843495e-02 3.000000000000000000e+00
6.970739530673485118e-02 8.000000000000000000e+00
7.070280806164126741e-02 5.000000000000000000e+00
7.169822081654766976e-02 2.000000000000000000e+00
7.269363357145408600e-02 1.000000000000000000e+00
7.368904632636050223e-02 2.000000000000000000e+00
7.468445908126690458e-02 2.000000000000000000e+00
7.567987183617332081e-02 1.000000000000000000e+00
7.667528459107972316e-02 3.000000000000000000e+00
