-5.761452359297811743e-01 2.138871074586212728e-06
-5.359459267889546963e-01 1.982838587144541975e-05
-4.957466176481282183e-01 1.204605916281242806e-04
-4.555473085073017958e-01 4.955734474734602157e-04
-4.153479993664753178e-01 1.494912190093386495e-03
-3.751486902256488398e-01 3.692177981995892200e-03
-3.349493810848224173e-01 8.254177879646398819e-03
-2.947500719439959393e-01 1.731427769083376811e-02
-2.545507628031694614e-01 3.365014962656559527e-02
-2.143514536623429834e-01 6.009053440659330170e-02
-1.741521445215165054e-01 9.902642202641159797e-02
-1.339528353806900829e-01 1.513397662858373127e-01
-9.375352623986360490e-02 2.157662203635209719e-01
-5.355421709903718241e-02 2.899748324687124179e-01
-1.335490795821070442e-02 3.713385328112602801e-01
2.684440118261577357e-02 4.564772208358198191e-01
6.704371032344225156e-02 5.408883917293449972e-01
1.072430194642687296e-01 6.203639345530121973e-01
1.474423286050952075e-01 6.932863239951678747e-01
1.876416377459216855e-01 7.590028080486244111e-01
2.278409468867481635e-01 8.137893999714285176e-01
2.680402560275745305e-01 8.530796183408815292e-01
3.082395651684010085e-01 8.775153372463734280e-01
3.484388743092274865e-01 8.924694794606431447e-01
3.886381834500539645e-01 9.021464796978071465e-01
4.288374925908804425e-01 9.037916080703816135e-01
4.690368017317068094e-01 8.952714836398887321e-01
5.092361108725333985e-01 8.834083511236756614e-01
5.494354200133597654e-01 8.714405586927442826e-01
5.896347291541863544e-01 8.515025011664517640e-01
6.298340382950127214e-01 8.199996134268382475e-01
6.700333474358393104e-01 7.845088475212341761e-01
7.102326565766656774e-01 7.502112168753214405e-01
7.504319657174920444e-01 7.144626815037188328e-01
7.906312748583186334e-01 6.738111680582642427e-01
8.308305839991450004e-01 6.297043983787538046e-01
8.710298931399715894e-01 5.883618193803380469e-01
9.112292022807979563e-01 5.533708131390160379e-01
9.514285114216245454e-01 5.213292638134635615e-01
9.916278205624509123e-01 4.895221226764844835e-01
1.031827129703277501e+00 4.582562518479162961e-01
1.072026438844103868e+00 4.261777190049234054e-01
1.112225747984930235e+00 3.931465030144478678e-01
1.152425057125756824e+00 3.615951705353909751e-01
1.192624366266583191e+00 3.323954494021560402e-01
1.232823675407409780e+00 3.041346503601155549e-01
1.273022984548236147e+00 2.770176746337098539e-01
1.313222293689062736e+00 2.529279176647052929e-01
1.353421602829889103e+00 2.313622221239368115e-01
1.393620911970715470e+00 2.110838446937445823e-01
1.433820221111542059e+00 1.930789881021162113e-01
1.474019530252368648e+00 1.779659686331701574e-01
1.514218839393194793e+00 1.649665469144284413e-01
1.554418148534021382e+00 1.525081803616868403e-01
1.594617457674847971e+00 1.388376644471278620e-01
1.634816766815674560e+00 1.246162947868669491e-01
1.675016075956500705e+00 1.114426588513336008e-01
1.715215385097327294e+00 9.959523629672627221e-02
1.755414694238153883e+00 8.971792207164468180e-02
1.795614003378980028e+00 8.167120329732129036e-02
1.835813312519806617e+00 7.334875245475805383e-02
1.876012621660633206e+00 6.471218380647200674e-02
1.916211930801459795e+00 5.780497754912115871e-02
1.956411239942285940e+00 5.270022241309595123e-02
1.996610549083112529e+00 4.793751302732879305e-02
2.036809858223938896e+00 4.290645816293364723e-02
2.077009167364765041e+00 3.779843271627303380e-02
2.117208476505592074e+00 3.337141316403681446e-02
2.157407785646418219e+00 3.038032752235315936e-02
2.197607094787245252e+00 2.817151497725101095e-02
2.237806403928071397e+00 2.559393011022727260e-02
2.278005713068897542e+00 2.256871436446683532e-02
2.318205022209724575e+00 1.976870934090999010e-02
2.358404331350550720e+00 1.770850833988739381e-02
2.398603640491376865e+00 1.617659949907478828e-02
2.438802949632203898e+00 1.463718667690558362e-02
2.479002258773030043e+00 1.283082723758219301e-02
2.519201567913856188e+00 1.086965026369829390e-02
2.559400877054683221e+00 9.389647331696421295e-03
2.599600186195509366e+00 8.763528042227630710e-03
2.639799495336336399e+00 8.409279846068262732e-03
2.679998804477162544e+00 7.597384205115687017e-03
2.720198113617988689e+00 6.276399598936832636e-03
2.760397422758815722e+00 5.077275241914425141e-03
2.800596731899641867e+00 4.461811311178953687e-03
2.840796041040468012e+00 4.183385654517535190e-03
2.880995350181295045e+00 3.852284883106515956e-03
2.921194659322121190e+00 3.538829023353284864e-03
2.961393968462947335e+00 3.419400628923374708e-03
3.001593277603774368e+00 3.354327374693100161e-03
3.041792586744600513e+00 3.146250477523315769e-03
3.081991895885426658e+00 2.706099226709834937e-03
3.122191205026253691e+00 2.166383561879869912e-03
3.162390514167079836e+00 1.827524831257920646e-03
3.202589823307906869e+00 1.734007738785070529e-03
3.242789132448733014e+00 1.650343732541803554e-03
3.282988441589559159e+00 1.439111301979101309e-03
3.323187750730386192e+00 1.201919363546077868e-03
3.363387059871212337e+00 1.065801064103255591e-03
3.403586369012038482e+00 1.018562117006516221e-03
3.443785678152865515e+00 9.534101854493659545e-04
3.483984987293691660e+00 8.166968819540154634e-04
3.524184296434518693e+00 6.393977707312981096e-04
3.564383605575344838e+00 4.763130221687728039e-04
3.604582914716170983e+00 3.616929421691172930e-04
3.644782223856998016e+00 3.145384365040582164e-04
3.684981532997824161e+00 3.208929736945587141e-04
3.725180842138650306e+00 3.138185612383548317e-04
3.765380151279477339e+00 2.580545870939920938e-04
3.805579460420303484e+00 1.964311071099844597e-04
3.845778769561130517e+00 1.656145949209542056e-04
3.885978078701956662e+00 1.500611020112674332e-04
3.926177387842782807e+00 1.391778669461024576e-04
3.966376696983609840e+00 1.158339464480129255e-04
4.006576006124435985e+00 6.803770734566116918e-05
4.046775315265262130e+00 2.457287333845759036e-05
4.086974624406089163e+00 5.217492199977025180e-06
4.127173933546915308e+00 6.501177756690346143e-07
4.167373242687741453e+00 1.427684095389736285e-07
4.207572551828568486e+00 1.167864125989348523e-06
4.247771860969394631e+00 8.415788738655449741e-06
4.287971170110220775e+00 3.552672319075134144e-05
4.328170479251047809e+00 8.545691164509039428e-05
4.368369788391873954e+00 1.140891436565288908e-04
4.408569097532700987e+00 8.320801035741065554e-05
4.448768406673527132e+00 3.339459495030339120e-05
4.488967715814353276e+00 7.490704795679037353e-06
4.529167024955180310e+00 1.102898252849926486e-06
