-5.667521467623615194e-01 2.276721274473147982e-06
-5.253862970656189013e-01 1.969798408896217268e-05
-4.840204473688763387e-01 1.084673282083503665e-04
-4.426545976721337761e-01 4.180936460102396834e-04
-4.012887479753911579e-01 1.325674864639761474e-03
-3.599228982786485953e-01 4.001966762477326967e-03
-3.185570485819060327e-01 1.096920348090713038e-02
-2.771911988851634145e-01 2.517601212959005852e-02
-2.358253491884208519e-01 4.909859766101230122e-02
-1.944594994916782893e-01 8.488817041844826106e-02
-1.530936497949356712e-01 1.326784585487665313e-01
-1.117278000981931085e-01 1.908227368014333014e-01
-7.036195040145054591e-02 2.599754571969974393e-01
-2.899610070470792778e-02 3.420024556202007071e-01
1.236974899203469036e-02 4.331430755795222520e-01
5.373559868877719747e-02 5.245289748978501088e-01
9.510144838551981561e-02 6.070523874120075103e-01
1.364672980822624337e-01 6.766994619033122049e-01
1.778331477790049409e-01 7.378277108009280161e-01
2.191989974757475590e-01 7.940799593371927756e-01
2.605648471724901771e-01 8.404004802639699623e-01
3.019306968692326842e-01 8.722728003301374322e-01
3.432965465659753024e-01 8.947382027418140371e-01
3.846623962627179205e-01 9.078968268466556246e-01
4.260282459594604276e-01 9.073045524341305512e-01
4.673940956562030458e-01 8.980054633018114130e-01
5.087599453529456639e-01 8.873693350182983997e-01
5.501257950496882820e-01 8.747894528176660689e-01
5.914916447464309002e-01 8.535142589041098127e-01
6.328574944431732963e-01 8.192087990375813700e-01
6.742233441399159144e-01 7.768358264970800509e-01
7.155891938366585325e-01 7.357309272453795845e-01
7.569550435334011507e-01 6.977299867089412633e-01
7.983208932301437688e-01 6.594971035750899491e-01
8.396867429268863869e-01 6.217525642121182194e-01
8.810525926236290051e-01 5.843491382960606106e-01
9.224184423203714012e-01 5.458121795694813594e-01
9.637842920171140193e-01 5.053598856375230985e-01
1.005150141713856637e+00 4.639957707010110011e-01
1.046515991410599256e+00 4.273473052586160836e-01
1.087881841107341874e+00 3.972592230979861139e-01
1.129247690804084492e+00 3.703187064744672963e-01
1.170613540500826888e+00 3.439029236711351745e-01
1.211979390197569506e+00 3.165938094068831976e-01
1.253345239894312124e+00 2.890883721153436059e-01
1.294711089591054742e+00 2.640705915153022110e-01
1.336076939287797360e+00 2.429067694065762950e-01
1.377442788984539979e+00 2.253618263377418773e-01
1.418808638681282375e+00 2.095501597716522557e-01
1.460174488378024993e+00 1.918561762329392406e-01
1.501540338074767611e+00 1.716371611038820244e-01
1.542906187771510229e+00 1.516400009566263585e-01
1.584272037468252847e+00 1.344245325022105919e-01
1.625637887164995465e+00 1.215450165705358465e-01
1.667003736861738084e+00 1.115887985621675516e-01
1.708369586558480702e+00 1.011892200863703239e-01
1.749735436255223320e+00 9.086080430880161263e-02
1.791101285951965938e+00 8.285717235701831052e-02
1.832467135648708112e+00 7.604027882627596713e-02
1.873832985345450730e+00 6.882390905995970642e-02
1.915198835042193348e+00 6.203236050542906832e-02
1.956564684738935966e+00 5.625929728216784442e-02
1.997930534435678585e+00 5.038509608610602930e-02
2.039296384132421203e+00 4.378745271713550824e-02
2.080662233829163821e+00 3.731307537677350933e-02
2.122028083525906439e+00 3.190819655029963897e-02
2.163393933222649057e+00 2.779552287328157512e-02
2.204759782919391675e+00 2.465104452152618031e-02
2.246125632616134293e+00 2.240390106710098139e-02
2.287491482312876911e+00 2.087281025056675343e-02
2.328857332009619530e+00 1.907727565982786366e-02
2.370223181706361704e+00 1.681217171597368387e-02
2.411589031403104322e+00 1.491674293781285882e-02
2.452954881099846940e+00 1.372256547766886881e-02
2.494320730796589558e+00 1.264686189410825501e-02
2.535686580493332176e+00 1.124745820478763314e-02
2.577052430190074794e+00 1.005888857588058127e-02
2.618418279886817412e+00 9.509505411272156650e-03
2.659784129583560031e+00 9.073314116424063824e-03
2.701149979280302649e+00 8.158448796708128725e-03
2.742515828977045267e+00 6.894029948038393751e-03
2.783881678673787885e+00 5.866195725539868899e-03
2.825247528370530503e+00 5.138785271118995190e-03
2.866613378067273121e+00 4.432780965847760157e-03
2.907979227764015295e+00 3.800866905538435869e-03
2.949345077460757913e+00 3.380884357700064680e-03
2.990710927157500532e+00 3.243711622870293354e-03
3.032076776854243150e+00 3.329460945608375688e-03
3.073442626550985768e+00 3.348646281460476715e-03
3.114808476247728386e+00 3.029042844126306200e-03
3.156174325944471004e+00 2.412721590318578357e-03
3.197540175641213622e+00 1.861817216473882208e-03
3.238906025337956240e+00 1.549460525368751007e-03
3.280271875034698859e+00 1.376035648240347964e-03
3.321637724731441477e+00 1.265499049709850610e-03
3.363003574428184095e+00 1.275787411692153039e-03
3.404369424124926269e+00 1.345806799600612891e-03
3.445735273821669331e+00 1.233298657065562409e-03
3.487101123518411505e+00 9.476333370204148565e-04
3.528466973215154567e+00 7.144166252436856546e-04
3.569832822911896741e+00 6.328623272777722519e-04
3.611198672608639804e+00 6.543774666613044744e-04
3.652564522305381978e+00 7.208398335714072402e-04
3.693930372002124152e+00 7.181398493387725068e-04
3.735296221698867214e+00 5.624449303318346249e-04
3.776662071395609388e+00 3.510926835621486219e-04
3.818027921092352450e+00 1.971067801137815767e-04
3.859393770789094624e+00 1.262288367236685804e-04
3.900759620485837686e+00 1.121051019032370810e-04
3.942125470182579861e+00 9.470064703095970593e-05
3.983491319879322923e+00 6.039280855997530839e-05
4.024857169576065097e+00 5.962119879755756191e-05
4.066223019272808159e+00 1.162989916553419656e-04
4.107588868969550333e+00 1.793038208210140372e-04
4.148954718666293395e+00 1.692558667663324190e-04
4.190320568363035569e+00 9.351716680458532771e-05
4.231686418059777743e+00 2.922172434877134961e-05
4.273052267756520806e+00 5.197284588809303330e-06
4.314418117453262980e+00 4.546516003955947127e-07
4.355783967150006042e+00 5.337907633684579878e-07
4.397149816846748216e+00 4.305225895229192190e-06
4.438515666543491278e+00 2.352389258078457779e-05
4.479881516240233452e+00 6.701222222875446999e-05
4.521247365936976514e+00 1.011618678705833441e-04
4.562613215633718688e+00 8.070046859451340815e-05
4.603979065330461751e+00 3.568986408224172902e-05
4.645344915027203925e+00 8.915179331769884641e-06
4.686710764723946987e+00 1.590102948048621734e-06
