-5.878924246071065562e-01 1.848840517390537563e-06
-5.476873733421518953e-01 1.500577090399191071e-05
-5.074823220771972343e-01 7.515235579579060410e-05
-4.672772708122425178e-01 2.555402779848003902e-04
-4.270722195472878568e-01 7.183110317250523957e-04
-3.868671682823331959e-01 2.078693645586562888e-03
-3.466621170173784794e-01 5.881860006012443187e-03
-3.064570657524238184e-01 1.451647614438442147e-02
-2.662520144874691574e-01 3.078395685071674825e-02
-2.260469632225144965e-01 5.749042517777676331e-02
-1.858419119575598355e-01 9.567671704663235910e-02
-1.456368606926051190e-01 1.444818076418002972e-01
-1.054318094276504580e-01 2.042364704608689019e-01
-6.522675816269574156e-02 2.739605880915709224e-01
-2.502170689774108059e-02 3.495860622249261640e-01
1.518334436721358038e-02 4.302416164826085576e-01
5.538839563216824136e-02 5.155217808982879291e-01
9.559344689712290233e-02 5.975408324416804362e-01
1.357984981620775633e-01 6.697626183802833921e-01
1.760035494270322243e-01 7.339794459895174761e-01
2.162086006919868852e-01 7.931463416816504353e-01
2.564136519569416572e-01 8.437973382717940396e-01
2.966187032218963182e-01 8.788758697200469427e-01
3.368237544868509792e-01 8.987033485495121710e-01
3.770288057518056402e-01 9.078218413869419967e-01
4.172338570167603011e-01 9.085267513265149475e-01
4.574389082817150731e-01 9.019134422597232525e-01
4.976439595466696231e-01 8.875785307138754909e-01
5.378490108116243951e-01 8.677895924402627692e-01
5.780540620765789450e-01 8.461219475819101721e-01
6.182591133415337170e-01 8.220675365685512492e-01
6.584641646064882670e-01 7.930578604329056036e-01
6.986692158714430390e-01 7.563152278043521193e-01
7.388742671363978110e-01 7.138068575684336503e-01
7.790793184013523609e-01 6.736148557218563093e-01
8.192843696663071329e-01 6.387136821252705765e-01
8.594894209312616828e-01 6.046121748961761355e-01
8.996944721962164548e-01 5.681023704603950231e-01
9.398995234611710048e-01 5.302007697302456579e-01
9.801045747261257768e-01 4.929537521347256424e-01
1.020309625991080438e+00 4.566106602651397450e-01
1.060514677256035210e+00 4.230275446312268817e-01
1.100719728520989982e+00 3.946652991867909410e-01
1.140924779785944310e+00 3.693966131002192066e-01
1.181129831050899082e+00 3.439843996662648729e-01
1.221334882315853854e+00 3.184064172535826520e-01
1.261539933580808626e+00 2.930416994802693131e-01
1.301744984845762954e+00 2.673573977639419619e-01
1.341950036110717726e+00 2.419119695198117537e-01
1.382155087375672498e+00 2.197845284362788532e-01
1.422360138640627270e+00 2.022661164521808996e-01
1.462565189905582042e+00 1.862464724596731847e-01
1.502770241170536814e+00 1.697185601574958125e-01
1.542975292435491141e+00 1.527471651587025137e-01
1.583180343700445913e+00 1.360466459534707129e-01
1.623385394965400685e+00 1.215217145726290304e-01
1.663590446230355457e+00 1.094424413701841764e-01
1.703795497495310229e+00 9.841561011609464837e-02
1.744000548760264557e+00 8.814927768301210331e-02
1.784205600025219329e+00 7.891595525657373045e-02
1.824410651290174101e+00 7.113013192492614878e-02
1.864615702555128873e+00 6.533808686765842089e-02
1.904820753820083201e+00 6.088651423744020907e-02
1.945025805085037973e+00 5.638257620397961467e-02
1.985230856349992745e+00 5.111926614746266362e-02
2.025435907614947517e+00 4.564546739423683275e-02
2.065640958879902289e+00 4.086222743231716914e-02
2.105846010144856617e+00 3.718892460650874421e-02
2.146051061409811389e+00 3.435455428124166433e-02
2.186256112674766161e+00 3.163254050956419705e-02
2.226461163939720933e+00 2.887045837378902913e-02
2.266666215204675261e+00 2.596870520066893451e-02
2.306871266469630033e+00 2.282845670498254154e-02
2.347076317734584805e+00 1.989601724198002131e-02
2.387281368999539577e+00 1.721196393083285203e-02
2.427486420264494349e+00 1.494350847035251506e-02
2.467691471529448677e+00 1.351684430724445218e-02
2.507896522794403449e+00 1.250265794844052092e-02
2.548101574059358221e+00 1.132655042085886632e-02
2.588306625324312993e+00 9.938496832153032035e-03
2.628511676589267321e+00 8.645209262849118392e-03
2.668716727854222093e+00 7.616748567073949872e-03
2.708921779119176865e+00 6.646330158049551518e-03
2.749126830384131637e+00 5.607644499168173979e-03
2.789331881649086409e+00 4.692754304748636418e-03
2.829536932914040737e+00 4.042449254617885845e-03
2.869741984178995509e+00 3.607111403700402619e-03
2.909947035443950281e+00 3.384616475520074719e-03
2.950152086708905053e+00 3.354260668540054446e-03
2.990357137973859825e+00 3.249935036288897905e-03
3.030562189238814153e+00 2.990752268267782288e-03
3.070767240503768924e+00 2.670096291064683047e-03
3.110972291768723696e+00 2.266531650341796489e-03
3.151177343033678468e+00 1.959596602549407152e-03
3.191382394298632796e+00 1.799170285496642929e-03
3.231587445563587568e+00 1.551034442472620789e-03
3.271792496828542340e+00 1.235186529368048625e-03
3.311997548093497112e+00 1.060853421320451240e-03
3.352202599358451884e+00 1.054610723797533289e-03
3.392407650623406212e+00 1.064108567690125184e-03
3.432612701888360984e+00 9.164988184920397352e-04
3.472817753153315312e+00 6.468423640714204836e-04
3.513022804418270528e+00 4.187010575661398448e-04
3.553227855683224856e+00 3.076170152368495891e-04
3.593432906948180072e+00 2.921684494925635978e-04
3.633637958213134400e+00 3.443176680539283829e-04
3.673843009478088728e+00 4.573210023841589589e-04
3.714048060743043944e+00 5.574143154803978817e-04
3.754253112007998272e+00 5.151130218418731310e-04
3.794458163272953488e+00 3.454941708320447002e-04
3.834663214537907816e+00 2.007528585759588147e-04
3.874868265802862144e+00 1.620854601616372737e-04
3.915073317067817360e+00 1.936753237137128769e-04
3.955278368332771688e+00 2.175799278621159960e-04
3.995483419597726904e+00 1.910194067138021312e-04
4.035688470862680788e+00 1.230322769978919872e-04
4.075893522127635116e+00 5.406446778105644668e-05
4.116098573392590332e+00 1.513286022841731082e-05
4.156303624657544660e+00 2.598843746481893646e-06
4.196508675922498988e+00 7.944421856753702826e-07
4.236713727187454204e+00 4.938084247327334531e-06
4.276918778452408532e+00 2.472043945841995161e-05
4.317123829717363748e+00 6.710685162893137434e-05
4.357328880982318076e+00 9.712828645032367536e-05
4.397533932247272404e+00 7.488327485780099657e-05
4.437738983512227620e+00 3.182497429747577211e-05
4.477944034777181948e+00 7.704480729148199813e-06
4.518149086042137164e+00 1.308642342948140858e-06
