3.009831700048909604e-03 1.000000000000000000e+00
4.009060344755968619e-03 5.000000000000000000e+00
5.008288989463028501e-03 7.000000000000000000e+00
6.007517634170087516e-03 1.300000000000000000e+01
7.006746278877146530e-03 1.900000000000000000e+01
8.005974923584206412e-03 2.700000000000000000e+01
9.005203568291264560e-03 2.700000000000000000e+01
1.000443221299832444e-02 3.000000000000000000e+01
1.100366085770538432e-02 4.400000000000000000e+01
1.200288950241244247e-02 5.200000000000000000e+01
1.300211814711950235e-02 4.300000000000000000e+01
1.400134679182656224e-02 6.800000000000000000e+01
1.500057543653362038e-02 8.200000000000000000e+01
1.599980408124068026e-02 7.900000000000000000e+01
1.699903272594773668e-02 9.300000000000000000e+01
1.799826137065480003e-02 1.160000000000000000e+02
1.899749001536185644e-02 1.010000000000000000e+02
1.999671866006891979e-02 1.170000000000000000e+02
2.099594730477597621e-02 1.440000000000000000e+02
2.199517594948303262e-02 1.510000000000000000e+02
2.299440459419009597e-02 1.590000000000000000e+02
2.399363323889715238e-02 1.630000000000000000e+02
2.499286188360421573e-02 1.710000000000000000e+02
2.599209052831127215e-02 1.980000000000000000e+02
2.699131917301832856e-02 2.290000000000000000e+02
2.799054781772539191e-02 1.980000000000000000e+02
2.898977646243244832e-02 2.320000000000000000e+02
2.998900510713951167e-02 2.500000000000000000e+02
3.098823375184656809e-02 2.630000000000000000e+02
3.198746239655362450e-02 2.830000000000000000e+02
3.298669104126068785e-02 2.900000000000000000e+02
3.398591968596774426e-02 3.270000000000000000e+02
3.498514833067480068e-02 3.030000000000000000e+02
3.598437697538186403e-02 3.210000000000000000e+02
3.698360562008892044e-02 3.220000000000000000e+02
3.798283426479598379e-02 3.390000000000000000e+02
3.898206290950304020e-02 3.500000000000000000e+02
3.998129155421009662e-02 3.490000000000000000e+02
4.098052019891715997e-02 3.770000000000000000e+02
4.197974884362421638e-02 4.070000000000000000e+02
4.297897748833127973e-02 3.890000000000000000e+02
4.397820613303833615e-02 3.900000000000000000e+02
4.497743477774539256e-02 3.910000000000000000e+02
4.597666342245245591e-02 4.560000000000000000e+02
4.697589206715951232e-02 4.400000000000000000e+02
4.797512071186657567e-02 4.660000000000000000e+02
4.897434935657363209e-02 4.820000000000000000e+02
4.997357800128069544e-02 4.440000000000000000e+02
5.097280664598775185e-02 4.870000000000000000e+02
5.197203529069480826e-02 4.980000000000000000e+02
5.297126393540187161e-02 5.090000000000000000e+02
5.397049258010892803e-02 5.310000000000000000e+02
5.496972122481599138e-02 5.230000000000000000e+02
5.596894986952304779e-02 5.580000000000000000e+02
5.696817851423010420e-02 5.470000000000000000e+02
5.796740715893716756e-02 5.540000000000000000e+02
5.896663580364422397e-02 5.330000000000000000e+02
5.996586444835128732e-02 5.510000000000000000e+02
6.096509309305834373e-02 5.810000000000000000e+02
6.196432173776540014e-02 5.890000000000000000e+02
6.296355038247246350e-02 5.790000000000000000e+02
6.396277902717951991e-02 5.850000000000000000e+02
6.496200767188659020e-02 5.800000000000000000e+02
6.596123631659364661e-02 5.850000000000000000e+02
6.696046496130070302e-02 5.790000000000000000e+02
6.795969360600775944e-02 5.670000000000000000e+02
6.895892225071482973e-02 6.040000000000000000e+02
6.995815089542188614e-02 6.190000000000000000e+02
7.095737954012894255e-02 6.550000000000000000e+02
7.195660818483599896e-02 6.450000000000000000e+02
7.295583682954305538e-02 6.470000000000000000e+02
7.395506547425012567e-02 6.010000000000000000e+02
7.495429411895718208e-02 6.380000000000000000e+02
7.595352276366423849e-02 6.690000000000000000e+02
7.695275140837129491e-02 6.620000000000000000e+02
7.795198005307835132e-02 6.600000000000000000e+02
7.895120869778542161e-02 6.450000000000000000e+02
7.995043734249247802e-02 6.130000000000000000e+02
8.094966598719953443e-02 6.610000000000000000e+02
8.194889463190659085e-02 6.550000000000000000e+02
8.294812327661364726e-02 6.490000000000000000e+02
8.394735192132071755e-02 6.180000000000000000e+02
8.494658056602777396e-02 6.500000000000000000e+02
8.594580921073483037e-02 6.620000000000000000e+02
8.694503785544188679e-02 6.540000000000000000e+02
8.794426650014894320e-02 6.820000000000000000e+02
8.894349514485601349e-02 6.580000000000000000e+02
8.994272378956306990e-02 7.080000000000000000e+02
9.094195243427012632e-02 6.440000000000000000e+02
9.194118107897718273e-02 6.810000000000000000e+02
9.294040972368423914e-02 6.270000000000000000e+02
9.393963836839130943e-02 5.710000000000000000e+02
9.493886701309836584e-02 6.160000000000000000e+02
9.593809565780542226e-02 6.360000000000000000e+02
9.693732430251247867e-02 6.170000000000000000e+02
9.793655294721954896e-02 6.080000000000000000e+02
9.893578159192660537e-02 5.950000000000000000e+02
9.993501023663366178e-02 5.930000000000000000e+02
1.009342388813407182e-01 6.000000000000000000e+02
1.019334675260477746e-01 6.250000000000000000e+02
1.029326961707548449e-01 6.080000000000000000e+02
1.039319248154619013e-01 6.350000000000000000e+02
1.049311534601689577e-01 5.660000000000000000e+02
1.059303821048760141e-01 6.150000000000000000e+02
1.069296107495830706e-01 5.730000000000000000e+02
1.079288393942901408e-01 5.780000000000000000e+02
1.089280680389971973e-01 5.610000000000000000e+02
1.099272966837042537e-01 5.220000000000000000e+02
1.109265253284113101e-01 4.970000000000000000e+02
1.119257539731183665e-01 5.500000000000000000e+02
1.129249826178254368e-01 5.290000000000000000e+02
1.139242112625324932e-01 5.380000000000000000e+02
1.149234399072395496e-01 5.600000000000000000e+02
1.159226685519466060e-01 5.140000000000000000e+02
1.169218971966536624e-01 5.290000000000000000e+02
1.179211258413607327e-01 4.880000000000000000e+02
1.189203544860677891e-01 5.140000000000000000e+02
1.199195831307748455e-01 4.550000000000000000e+02
1.209188117754819020e-01 4.960000000000000000e+02
1.219180404201889584e-01 4.870000000000000000e+02
1.229172690648960287e-01 4.490000000000000000e+02
1.239164977096030851e-01 4.900000000000000000e+02
1.249157263543101415e-01 4.330000000000000000e+02
1.259149549990171979e-01 4.800000000000000000e+02
1.269141836437242543e-01 4.350000000000000000e+02
1.279134122884313107e-01 4.680000000000000000e+02
1.289126409331383671e-01 4.030000000000000000e+02
1.299118695778454236e-01 4.040000000000000000e+02
1.309110982225524800e-01 3.930000000000000000e+02
1.319103268672595364e-01 3.830000000000000000e+02
1.329095555119665928e-01 3.900000000000000000e+02
1.339087841566736492e-01 3.810000000000000000e+02
1.349080128013807334e-01 3.480000000000000000e+02
1.359072414460877898e-01 3.790000000000000000e+02
1.369064700907948462e-01 3.550000000000000000e+02
1.379056987355019026e-01 3.060000000000000000e+02
1.389049273802089590e-01 3.170000000000000000e+02
1.399041560249160154e-01 3.600000000000000000e+02
1.409033846696230718e-01 2.970000000000000000e+02
1.419026133143301283e-01 2.920000000000000000e+02
1.429018419590371847e-01 3.070000000000000000e+02
1.439010706037442411e-01 2.820000000000000000e+02
1.449002992484513253e-01 2.690000000000000000e+02
1.458995278931583817e-01 2.790000000000000000e+02
1.468987565378654381e-01 2.800000000000000000e+02
1.478979851825724945e-01 2.600000000000000000e+02
1.488972138272795509e-01 2.230000000000000000e+02
1.498964424719866073e-01 2.290000000000000000e+02
1.508956711166936637e-01 2.540000000000000000e+02
1.518948997614007201e-01 2.270000000000000000e+02
1.528941284061077766e-01 1.990000000000000000e+02
1.538933570508148330e-01 2.240000000000000000e+02
1.548925856955219171e-01 1.940000000000000000e+02
1.558918143402289735e-01 1.690000000000000000e+02
1.568910429849360300e-01 1.950000000000000000e+02
1.578902716296430864e-01 1.700000000000000000e+02
1.588895002743501428e-01 1.640000000000000000e+02
1.598887289190571992e-01 1.700000000000000000e+02
1.608879575637642556e-01 1.670000000000000000e+02
1.618871862084713120e-01 1.440000000000000000e+02
1.628864148531783684e-01 1.390000000000000000e+02
1.638856434978854248e-01 1.280000000000000000e+02
1.648848721425925090e-01 1.260000000000000000e+02
1.658841007872995654e-01 1.370000000000000000e+02
1.668833294320066218e-01 1.190000000000000000e+02
1.678825580767136783e-01 1.150000000000000000e+02
1.688817867214207347e-01 1.130000000000000000e+02
1.698810153661277911e-01 9.900000000000000000e+01
1.708802440108348475e-01 9.100000000000000000e+01
1.718794726555419039e-01 8.500000000000000000e+01
1.728787013002489603e-01 8.600000000000000000e+01
1.738779299449560167e-01 6.900000000000000000e+01
1.748771585896631009e-01 8.400000000000000000e+01
1.758763872343701573e-01 8.600000000000000000e+01
1.768756158790772137e-01 8.000000000000000000e+01
1.778748445237842701e-01 7.300000000000000000e+01
1.788740731684913265e-01 5.600000000000000000e+01
1.798733018131983830e-01 5.600000000000000000e+01
1.808725304579054394e-01 5.200000000000000000e+01
1.818717591026124958e-01 4.900000000000000000e+01
1.828709877473195522e-01 5.600000000000000000e+01
1.838702163920266086e-01 3.400000000000000000e+01
1.848694450367336928e-01 4.600000000000000000e+01
1.858686736814407492e-01 3.900000000000000000e+01
1.868679023261478056e-01 3.800000000000000000e+01
1.878671309708548620e-01 3.300000000000000000e+01
1.888663596155619184e-01 3.000000000000000000e+01
1.898655882602689748e-01 3.300000000000000000e+01
1.908648169049760313e-01 2.000000000000000000e+01
1.918640455496830877e-01 2.100000000000000000e+01
1.928632741943901441e-01 2.500000000000000000e+01
1.938625028390972282e-01 2.400000000000000000e+01
1.948617314838042847e-01 1.800000000000000000e+01
1.958609601285113411e-01 1.500000000000000000e+01
1.968601887732183975e-01 1.500000000000000000e+01
1.978594174179254539e-01 1.600000000000000000e+01
1.988586460626325103e-01 2.100000000000000000e+01
1.998578747073395667e-01 1.100000000000000000e+01
2.008571033520466231e-01 1.200000000000000000e+01
2.018563319967536795e-01 9.000000000000000000e+00
2.028555606414607360e-01 7.000000000000000000e+00
2.038547892861678201e-01 6.000000000000000000e+00
2.048540179308748765e-01 8.000000000000000000e+00
2.058532465755819330e-01 9.000000000000000000e+00
2.068524752202889894e-01 1.000000000000000000e+01
2.078517038649960458e-01 6.000000000000000000e+00
2.088509325097031022e-01 6.000000000000000000e+00
2.098501611544101586e-01 9.000000000000000000e+00
2.108493897991172150e-01 4.000000000000000000e+00
2.118486184438242714e-01 2.000000000000000000e+00
2.128478470885313278e-01 3.000000000000000000e+00
2.138470757332384120e-01 3.000000000000000000e+00
2.148463043779454684e-01 1.000000000000000000e+00
2.158455330226525248e-01 2.000000000000000000e+00
2.168447616673595812e-01 2.000000000000000000e+00
2.178439903120666377e-01 1.000000000000000000e+00
2.188432189567736941e-01 3.000000000000000000e+00
2.198424476014807505e-01 2.000000000000000000e+00
2.208416762461878069e-01 2.000000000000000000e+00
2.218409048908948633e-01 1.000000000000000000e+00
2.228401335356019197e-01 1.000000000000000000e+00
2.238393621803090039e-01 1.000000000000000000e+00
2.248385908250160603e-01 2.000000000000000000e+00
2.258378194697231167e-01 1.000000000000000000e+00
2.268370481144301731e-01 0.000000000000000000e+00
2.278362767591372295e-01 1.000000000000000000e+00
2.288355054038442860e-01 2.000000000000000000e+00
2.298347340485513424e-01 2.000000000000000000e+00
2.308339626932583988e-01 0.000000000000000000e+00
2.318331913379654552e-01 0.000000000000000000e+00
2.328324199826725116e-01 1.000000000000000000e+00
2.338316486273795958e-01 0.000000000000000000e+00
2.348308772720866522e-01 1.000000000000000000e+00
2.358301059167937086e-01 0.000000000000000000e+00
2.368293345615007650e-01 0.000000000000000000e+00
2.378285632062078214e-01 0.000000000000000000e+00
2.388277918509148778e-01 0.000000000000000000e+00
2.398270204956219620e-01 1.000000000000000000e+00
