2.485409248988261488e-03 3.000000000000000000e+00
3.480999264905957659e-03 7.000000000000000000e+00
4.476589280823653830e-03 1.400000000000000000e+01
5.472179296741350001e-03 2.000000000000000000e+01
6.467769312659046171e-03 3.200000000000000000e+01
7.463359328576742342e-03 3.500000000000000000e+01
8.458949344494438513e-03 4.400000000000000000e+01
9.454539360412135551e-03 5.900000000000000000e+01
1.045012937632983085e-02 7.400000000000000000e+01
1.144571939224752616e-02 7.100000000000000000e+01
1.244130940816522493e-02 8.900000000000000000e+01
1.343689942408292023e-02 9.600000000000000000e+01
1.443248944000061554e-02 1.170000000000000000e+02
1.542807945591831084e-02 1.030000000000000000e+02
1.642366947183600961e-02 1.280000000000000000e+02
1.741925948775370492e-02 1.460000000000000000e+02
1.841484950367140022e-02 1.790000000000000000e+02
1.941043951958909553e-02 2.160000000000000000e+02
2.040602953550679430e-02 2.100000000000000000e+02
2.140161955142448960e-02 2.300000000000000000e+02
2.239720956734218490e-02 2.600000000000000000e+02
2.339279958325988368e-02 2.760000000000000000e+02
2.438838959917757898e-02 2.610000000000000000e+02
2.538397961509527428e-02 2.960000000000000000e+02
2.637956963101296959e-02 3.430000000000000000e+02
2.737515964693066489e-02 3.160000000000000000e+02
2.837074966284836366e-02 3.260000000000000000e+02
2.936633967876605897e-02 3.550000000000000000e+02
3.036192969468375427e-02 4.100000000000000000e+02
3.135751971060145304e-02 4.000000000000000000e+02
3.235310972651914835e-02 4.400000000000000000e+02
3.334869974243684365e-02 4.880000000000000000e+02
3.434428975835453896e-02 4.770000000000000000e+02
3.533987977427223426e-02 4.580000000000000000e+02
3.633546979018992956e-02 4.960000000000000000e+02
3.733105980610762487e-02 5.010000000000000000e+02
3.832664982202532711e-02 5.150000000000000000e+02
3.932223983794302241e-02 5.310000000000000000e+02
4.031782985386071771e-02 5.460000000000000000e+02
4.131341986977841302e-02 5.500000000000000000e+02
4.230900988569610832e-02 6.260000000000000000e+02
4.330459990161380363e-02 5.850000000000000000e+02
4.430018991753149893e-02 6.030000000000000000e+02
4.529577993344920117e-02 6.130000000000000000e+02
4.629136994936689647e-02 6.440000000000000000e+02
4.728695996528459178e-02 6.340000000000000000e+02
4.828254998120228708e-02 6.500000000000000000e+02
4.927813999711998239e-02 6.440000000000000000e+02
5.027373001303767769e-02 6.680000000000000000e+02
5.126932002895537299e-02 6.400000000000000000e+02
5.226491004487306830e-02 7.060000000000000000e+02
5.326050006079076360e-02 7.640000000000000000e+02
5.425609007670846584e-02 7.330000000000000000e+02
5.525168009262616114e-02 7.000000000000000000e+02
5.624727010854385645e-02 7.660000000000000000e+02
5.724286012446155175e-02 7.560000000000000000e+02
5.823845014037924706e-02 7.890000000000000000e+02
5.923404015629694236e-02 7.590000000000000000e+02
6.022963017221463766e-02 7.980000000000000000e+02
6.122522018813233990e-02 7.500000000000000000e+02
6.222081020405003521e-02 7.960000000000000000e+02
6.321640021996773051e-02 7.450000000000000000e+02
6.421199023588541888e-02 8.340000000000000000e+02
6.520758025180312112e-02 8.100000000000000000e+02
6.620317026772082336e-02 8.640000000000000000e+02
6.719876028363851173e-02 7.860000000000000000e+02
6.819435029955621397e-02 7.870000000000000000e+02
6.918994031547390233e-02 7.950000000000000000e+02
7.018553033139160457e-02 8.060000000000000000e+02
7.118112034730929294e-02 8.060000000000000000e+02
7.217671036322699518e-02 8.840000000000000000e+02
7.317230037914468355e-02 7.960000000000000000e+02
7.416789039506238579e-02 8.260000000000000000e+02
7.516348041098008803e-02 8.990000000000000000e+02
7.615907042689777640e-02 8.660000000000000000e+02
7.715466044281547864e-02 8.140000000000000000e+02
7.815025045873316700e-02 8.640000000000000000e+02
7.914584047465086925e-02 7.960000000000000000e+02
8.014143049056855761e-02 8.170000000000000000e+02
8.113702050648625985e-02 8.200000000000000000e+02
8.213261052240396209e-02 8.370000000000000000e+02
8.312820053832165046e-02 8.240000000000000000e+02
8.412379055423935270e-02 7.600000000000000000e+02
8.511938057015704107e-02 7.710000000000000000e+02
8.611497058607474331e-02 7.780000000000000000e+02
8.711056060199243167e-02 7.560000000000000000e+02
8.810615061791013392e-02 7.950000000000000000e+02
8.910174063382783616e-02 7.550000000000000000e+02
9.009733064974552452e-02 7.570000000000000000e+02
9.109292066566322676e-02 7.490000000000000000e+02
9.208851068158091513e-02 7.320000000000000000e+02
9.308410069749861737e-02 7.290000000000000000e+02
9.407969071341630574e-02 7.480000000000000000e+02
9.507528072933400798e-02 7.760000000000000000e+02
9.607087074525169634e-02 7.220000000000000000e+02
9.706646076116939859e-02 6.770000000000000000e+02
9.806205077708710083e-02 6.680000000000000000e+02
9.905764079300478919e-02 6.870000000000000000e+02
1.000532308089224914e-01 6.780000000000000000e+02
1.010488208248401798e-01 6.320000000000000000e+02
1.020444108407578820e-01 6.310000000000000000e+02
1.030400008566755704e-01 6.020000000000000000e+02
1.040355908725932726e-01 6.540000000000000000e+02
1.050311808885109610e-01 5.900000000000000000e+02
1.060267709044286633e-01 6.510000000000000000e+02
1.070223609203463655e-01 6.560000000000000000e+02
1.080179509362640539e-01 5.580000000000000000e+02
1.090135409521817561e-01 5.780000000000000000e+02
1.100091309680994445e-01 5.400000000000000000e+02
1.110047209840171467e-01 5.420000000000000000e+02
1.120003109999348351e-01 5.190000000000000000e+02
1.129959010158525373e-01 5.060000000000000000e+02
1.139914910317702396e-01 5.020000000000000000e+02
1.149870810476879279e-01 4.930000000000000000e+02
1.159826710636056302e-01 4.840000000000000000e+02
1.169782610795233185e-01 4.620000000000000000e+02
1.179738510954410208e-01 4.720000000000000000e+02
1.189694411113587091e-01 4.380000000000000000e+02
1.199650311272764114e-01 4.040000000000000000e+02
1.209606211431941136e-01 4.040000000000000000e+02
1.219562111591118020e-01 4.490000000000000000e+02
1.229518011750295042e-01 3.830000000000000000e+02
1.239473911909471926e-01 3.980000000000000000e+02
1.249429812068648948e-01 3.490000000000000000e+02
1.259385712227825693e-01 4.020000000000000000e+02
1.269341612387002716e-01 3.620000000000000000e+02
1.279297512546179738e-01 3.620000000000000000e+02
1.289253412705356761e-01 3.260000000000000000e+02
1.299209312864533783e-01 3.330000000000000000e+02
1.309165213023710805e-01 3.240000000000000000e+02
1.319121113182887550e-01 2.780000000000000000e+02
1.329077013342064573e-01 2.560000000000000000e+02
1.339032913501241595e-01 2.430000000000000000e+02
1.348988813660418618e-01 2.670000000000000000e+02
1.358944713819595362e-01 2.680000000000000000e+02
1.368900613978772385e-01 2.390000000000000000e+02
1.378856514137949407e-01 2.390000000000000000e+02
1.388812414297126430e-01 2.040000000000000000e+02
1.398768314456303452e-01 1.980000000000000000e+02
1.408724214615480197e-01 1.970000000000000000e+02
1.418680114774657219e-01 1.610000000000000000e+02
1.428636014933834242e-01 1.810000000000000000e+02
1.438591915093011264e-01 1.770000000000000000e+02
1.448547815252188009e-01 1.540000000000000000e+02
1.458503715411365032e-01 1.350000000000000000e+02
1.468459615570542054e-01 1.170000000000000000e+02
1.478415515729719076e-01 1.150000000000000000e+02
1.488371415888896099e-01 1.300000000000000000e+02
1.498327316048072844e-01 1.330000000000000000e+02
1.508283216207249866e-01 1.050000000000000000e+02
1.518239116366426888e-01 1.070000000000000000e+02
1.528195016525603911e-01 8.700000000000000000e+01
1.538150916684780933e-01 9.900000000000000000e+01
1.548106816843957678e-01 9.500000000000000000e+01
1.558062717003134701e-01 8.100000000000000000e+01
1.568018617162311723e-01 8.400000000000000000e+01
1.577974517321488745e-01 7.400000000000000000e+01
1.587930417480665490e-01 6.100000000000000000e+01
1.597886317639842513e-01 6.900000000000000000e+01
1.607842217799019535e-01 6.900000000000000000e+01
1.617798117958196558e-01 5.500000000000000000e+01
1.627754018117373580e-01 4.700000000000000000e+01
1.637709918276550325e-01 3.900000000000000000e+01
1.647665818435727347e-01 5.300000000000000000e+01
1.657621718594904370e-01 3.500000000000000000e+01
1.667577618754081392e-01 4.300000000000000000e+01
1.677533518913258137e-01 4.000000000000000000e+01
1.687489419072435159e-01 2.500000000000000000e+01
1.697445319231612182e-01 2.500000000000000000e+01
1.707401219390789204e-01 1.800000000000000000e+01
1.717357119549966227e-01 2.600000000000000000e+01
1.727313019709142972e-01 2.400000000000000000e+01
1.737268919868319994e-01 1.800000000000000000e+01
1.747224820027497016e-01 1.300000000000000000e+01
1.757180720186674039e-01 1.900000000000000000e+01
1.767136620345851061e-01 1.400000000000000000e+01
1.777092520505027806e-01 1.200000000000000000e+01
1.787048420664204829e-01 1.000000000000000000e+01
1.797004320823381851e-01 1.100000000000000000e+01
1.806960220982558873e-01 9.000000000000000000e+00
1.816916121141735618e-01 1.300000000000000000e+01
1.826872021300912641e-01 7.000000000000000000e+00
1.836827921460089663e-01 6.000000000000000000e+00
1.846783821619266686e-01 8.000000000000000000e+00
1.856739721778443708e-01 3.000000000000000000e+00
1.866695621937620453e-01 4.000000000000000000e+00
1.876651522096797475e-01 0.000000000000000000e+00
1.886607422255974498e-01 2.000000000000000000e+00
1.896563322415151520e-01 0.000000000000000000e+00
1.906519222574328265e-01 1.000000000000000000e+00
1.916475122733505287e-01 1.000000000000000000e+00
1.926431022892682310e-01 1.000000000000000000e+00
1.936386923051859332e-01 1.000000000000000000e+00
1.946342823211036355e-01 2.000000000000000000e+00
1.956298723370213100e-01 0.000000000000000000e+00
1.966254623529390122e-01 0.000000000000000000e+00
1.976210523688567144e-01 0.000000000000000000e+00
1.986166423847744167e-01 0.000000000000000000e+00
1.996122324006920912e-01 0.000000000000000000e+00
2.006078224166097934e-01 2.000000000000000000e+00
2.016034124325274957e-01 1.000000000000000000e+00
2.025990024484451979e-01 1.000000000000000000e+00
2.035945924643629001e-01 0.000000000000000000e+00
2.045901824802805746e-01 0.000000000000000000e+00
2.055857724961982769e-01 0.000000000000000000e+00
2.065813625121159791e-01 0.000000000000000000e+00
2.075769525280336536e-01 1.000000000000000000e+00
