2.619130180634118669e-03 4.000000000000000000e+00
3.615136467897581054e-03 9.000000000000000000e+00
4.611142755161043438e-03 1.500000000000000000e+01
5.607149042424506256e-03 2.500000000000000000e+01
6.603155329687969075e-03 3.900000000000000000e+01
7.599161616951431025e-03 3.900000000000000000e+01
8.595167904214894711e-03 5.100000000000000000e+01
9.591174191478356661e-03 7.400000000000000000e+01
1.058718047874181861e-02 9.200000000000000000e+01
1.158318676600528230e-02 9.800000000000000000e+01
1.257919305326874425e-02 1.300000000000000000e+02
1.357519934053220620e-02 1.630000000000000000e+02
1.457120562779566988e-02 1.620000000000000000e+02
1.556721191505913184e-02 1.920000000000000000e+02
1.656321820232259379e-02 1.940000000000000000e+02
1.755922448958605747e-02 2.110000000000000000e+02
1.855523077684952116e-02 2.660000000000000000e+02
1.955123706411298137e-02 2.550000000000000000e+02
2.054724335137644506e-02 2.450000000000000000e+02
2.154324963863990874e-02 3.020000000000000000e+02
2.253925592590336896e-02 3.000000000000000000e+02
2.353526221316683265e-02 3.390000000000000000e+02
2.453126850043029633e-02 3.690000000000000000e+02
2.552727478769375655e-02 3.720000000000000000e+02
2.652328107495722023e-02 3.870000000000000000e+02
2.751928736222068392e-02 4.650000000000000000e+02
2.851529364948414760e-02 4.730000000000000000e+02
2.951129993674760782e-02 4.810000000000000000e+02
3.050730622401107150e-02 5.260000000000000000e+02
3.150331251127453519e-02 5.390000000000000000e+02
3.249931879853799888e-02 5.090000000000000000e+02
3.349532508580145562e-02 5.700000000000000000e+02
3.449133137306492625e-02 6.010000000000000000e+02
3.548733766032838299e-02 6.390000000000000000e+02
3.648334394759185362e-02 6.490000000000000000e+02
3.747935023485531036e-02 6.550000000000000000e+02
3.847535652211876711e-02 7.070000000000000000e+02
3.947136280938223774e-02 6.790000000000000000e+02
4.046736909664569448e-02 7.260000000000000000e+02
4.146337538390916511e-02 7.540000000000000000e+02
4.245938167117262185e-02 7.390000000000000000e+02
4.345538795843607860e-02 7.310000000000000000e+02
4.445139424569954922e-02 7.390000000000000000e+02
4.544740053296300597e-02 7.670000000000000000e+02
4.644340682022647659e-02 8.000000000000000000e+02
4.743941310748993334e-02 8.270000000000000000e+02
4.843541939475340397e-02 8.330000000000000000e+02
4.943142568201686071e-02 8.440000000000000000e+02
5.042743196928031746e-02 8.240000000000000000e+02
5.142343825654378808e-02 8.400000000000000000e+02
5.241944454380724483e-02 9.140000000000000000e+02
5.341545083107071545e-02 9.220000000000000000e+02
5.441145711833417220e-02 8.840000000000000000e+02
5.540746340559764282e-02 8.900000000000000000e+02
5.640346969286109957e-02 9.270000000000000000e+02
5.739947598012455632e-02 9.280000000000000000e+02
5.839548226738802694e-02 8.830000000000000000e+02
5.939148855465148369e-02 9.100000000000000000e+02
6.038749484191495431e-02 9.400000000000000000e+02
6.138350112917841106e-02 9.290000000000000000e+02
6.237950741644186781e-02 9.280000000000000000e+02
6.337551370370533843e-02 1.002000000000000000e+03
6.437151999096880906e-02 9.590000000000000000e+02
6.536752627823226580e-02 9.440000000000000000e+02
6.636353256549572255e-02 9.620000000000000000e+02
6.735953885275919317e-02 9.830000000000000000e+02
6.835554514002264992e-02 1.025000000000000000e+03
6.935155142728612054e-02 8.910000000000000000e+02
7.034755771454957729e-02 9.840000000000000000e+02
7.134356400181304791e-02 9.740000000000000000e+02
7.233957028907650466e-02 9.560000000000000000e+02
7.333557657633996141e-02 8.820000000000000000e+02
7.433158286360343203e-02 9.930000000000000000e+02
7.532758915086688878e-02 8.780000000000000000e+02
7.632359543813035940e-02 9.140000000000000000e+02
7.731960172539381615e-02 9.130000000000000000e+02
7.831560801265727290e-02 9.600000000000000000e+02
7.931161429992074352e-02 9.440000000000000000e+02
8.030762058718420027e-02 8.800000000000000000e+02
8.130362687444767089e-02 9.090000000000000000e+02
8.229963316171112764e-02 9.330000000000000000e+02
8.329563944897459826e-02 8.260000000000000000e+02
8.429164573623805501e-02 8.570000000000000000e+02
8.528765202350151176e-02 8.670000000000000000e+02
8.628365831076498238e-02 8.560000000000000000e+02
8.727966459802843913e-02 8.840000000000000000e+02
8.827567088529190975e-02 8.510000000000000000e+02
8.927167717255536650e-02 7.750000000000000000e+02
9.026768345981883712e-02 8.040000000000000000e+02
9.126368974708229387e-02 7.770000000000000000e+02
9.225969603434575061e-02 8.020000000000000000e+02
9.325570232160922124e-02 7.860000000000000000e+02
9.425170860887267799e-02 7.520000000000000000e+02
9.524771489613614861e-02 7.660000000000000000e+02
9.624372118339960536e-02 7.370000000000000000e+02
9.723972747066306210e-02 7.060000000000000000e+02
9.823573375792653273e-02 6.970000000000000000e+02
9.923174004518998947e-02 7.440000000000000000e+02
1.002277463324534601e-01 6.910000000000000000e+02
1.012237526197169168e-01 6.600000000000000000e+02
1.022197589069803875e-01 6.410000000000000000e+02
1.032157651942438442e-01 5.830000000000000000e+02
1.042117714815073010e-01 5.870000000000000000e+02
1.052077777687707716e-01 5.660000000000000000e+02
1.062037840560342283e-01 5.860000000000000000e+02
1.071997903432976990e-01 5.610000000000000000e+02
1.081957966305611557e-01 5.340000000000000000e+02
1.091918029178246263e-01 5.080000000000000000e+02
1.101878092050880831e-01 5.320000000000000000e+02
1.111838154923515398e-01 4.690000000000000000e+02
1.121798217796150104e-01 4.480000000000000000e+02
1.131758280668784672e-01 4.870000000000000000e+02
1.141718343541419378e-01 4.770000000000000000e+02
1.151678406414053946e-01 4.190000000000000000e+02
1.161638469286688652e-01 4.060000000000000000e+02
1.171598532159323219e-01 4.220000000000000000e+02
1.181558595031957787e-01 4.090000000000000000e+02
1.191518657904592493e-01 3.770000000000000000e+02
1.201478720777227061e-01 3.570000000000000000e+02
1.211438783649861767e-01 3.440000000000000000e+02
1.221398846522496334e-01 3.280000000000000000e+02
1.231358909395130902e-01 2.920000000000000000e+02
1.241318972267765608e-01 2.930000000000000000e+02
1.251279035140400175e-01 2.680000000000000000e+02
1.261239098013034743e-01 2.510000000000000000e+02
1.271199160885669588e-01 2.370000000000000000e+02
1.281159223758304155e-01 2.560000000000000000e+02
1.291119286630938723e-01 2.300000000000000000e+02
1.301079349503573290e-01 2.050000000000000000e+02
1.311039412376207858e-01 2.140000000000000000e+02
1.320999475248842703e-01 2.160000000000000000e+02
1.330959538121477270e-01 1.980000000000000000e+02
1.340919600994111838e-01 1.920000000000000000e+02
1.350879663866746405e-01 1.920000000000000000e+02
1.360839726739380973e-01 1.570000000000000000e+02
1.370799789612015818e-01 1.340000000000000000e+02
1.380759852484650385e-01 1.540000000000000000e+02
1.390719915357284953e-01 1.140000000000000000e+02
1.400679978229919520e-01 1.210000000000000000e+02
1.410640041102554365e-01 1.140000000000000000e+02
1.420600103975188933e-01 1.100000000000000000e+02
1.430560166847823500e-01 1.030000000000000000e+02
1.440520229720458067e-01 8.700000000000000000e+01
1.450480292593092635e-01 8.000000000000000000e+01
1.460440355465727480e-01 8.700000000000000000e+01
1.470400418338362047e-01 8.400000000000000000e+01
1.480360481210996615e-01 7.000000000000000000e+01
1.490320544083631182e-01 6.600000000000000000e+01
1.500280606956265750e-01 5.500000000000000000e+01
1.510240669828900595e-01 5.700000000000000000e+01
1.520200732701535162e-01 5.800000000000000000e+01
1.530160795574169730e-01 6.200000000000000000e+01
1.540120858446804297e-01 4.000000000000000000e+01
1.550080921319438865e-01 5.100000000000000000e+01
1.560040984192073710e-01 3.700000000000000000e+01
1.570001047064708277e-01 2.600000000000000000e+01
1.579961109937342845e-01 2.400000000000000000e+01
1.589921172809977412e-01 2.300000000000000000e+01
1.599881235682612257e-01 2.700000000000000000e+01
1.609841298555246825e-01 1.500000000000000000e+01
1.619801361427881392e-01 1.600000000000000000e+01
1.629761424300515960e-01 1.300000000000000000e+01
1.639721487173150527e-01 1.300000000000000000e+01
1.649681550045785372e-01 1.000000000000000000e+01
1.659641612918419940e-01 2.000000000000000000e+01
1.669601675791054507e-01 7.000000000000000000e+00
1.679561738663689074e-01 1.100000000000000000e+01
1.689521801536323642e-01 7.000000000000000000e+00
1.699481864408958487e-01 1.400000000000000000e+01
1.709441927281593054e-01 5.000000000000000000e+00
1.719401990154227622e-01 3.000000000000000000e+00
1.729362053026862189e-01 2.000000000000000000e+00
1.739322115899496757e-01 2.000000000000000000e+00
1.749282178772131602e-01 3.000000000000000000e+00
1.759242241644766169e-01 1.000000000000000000e+00
1.769202304517400737e-01 4.000000000000000000e+00
1.779162367390035304e-01 0.000000000000000000e+00
1.789122430262670149e-01 0.000000000000000000e+00
1.799082493135304717e-01 3.000000000000000000e+00
1.809042556007939284e-01 0.000000000000000000e+00
1.819002618880573852e-01 1.000000000000000000e+00
1.828962681753208419e-01 0.000000000000000000e+00
1.838922744625843264e-01 1.000000000000000000e+00
1.848882807498477832e-01 0.000000000000000000e+00
1.858842870371112399e-01 0.000000000000000000e+00
1.868802933243746967e-01 0.000000000000000000e+00
1.878762996116381534e-01 0.000000000000000000e+00
1.888723058989016379e-01 0.000000000000000000e+00
1.898683121861650946e-01 1.000000000000000000e+00
1.908643184734285514e-01 0.000000000000000000e+00
1.918603247606920081e-01 0.000000000000000000e+00
1.928563310479554649e-01 0.000000000000000000e+00
1.938523373352189494e-01 1.000000000000000000e+00
1.948483436224824061e-01 0.000000000000000000e+00
1.958443499097458629e-01 1.000000000000000000e+00
