# {"alpha": 3, "probability": 0.75, "ensemble_size": 10000, "total_time_iteration": 100000, "cols": ["t", "N", "M"]}
1.000000000000000000e+04 6.720900000000000318e+00 6.119187245548808329e-01
1.500000000000000000e+04 7.163000000000000256e+00 6.016833438200187567e-01
2.000000000000000000e+04 7.497200000000000308e+00 5.941024295843032599e-01
2.500000000000000000e+04 7.764700000000000379e+00 5.882621191025705354e-01
3.000000000000000000e+04 7.987700000000000244e+00 5.837570461031719171e-01
3.500000000000000000e+04 8.176299999999999457e+00 5.794385741290009051e-01
4.000000000000000000e+04 8.356899999999999551e+00 5.760264172437747909e-01
4.500000000000000000e+04 8.514400000000000190e+00 5.732093568994531818e-01
5.000000000000000000e+04 8.654799999999999827e+00 5.706536797870179756e-01
5.500000000000000000e+04 8.789500000000000313e+00 5.683198779693110492e-01
6.000000000000000000e+04 8.909100000000000463e+00 5.663757286818701386e-01
6.500000000000000000e+04 9.022600000000000620e+00 5.644759353916009026e-01
7.000000000000000000e+04 9.130300000000000082e+00 5.627533358415809372e-01
7.500000000000000000e+04 9.226599999999999469e+00 5.611295507480841271e-01
8.000000000000000000e+04 9.315799999999999415e+00 5.596754313460723385e-01
8.500000000000000000e+04 9.401899999999999480e+00 5.582221085666593252e-01
9.000000000000000000e+04 9.479799999999999116e+00 5.568744374065885960e-01
9.500000000000000000e+04 9.564700000000000202e+00 5.554702097064752042e-01
1.000000000000000000e+05 9.646200000000000330e+00 5.541616232686402688e-01
