# {"alpha": 3, "probability": 0.75, "ensemble_size": 50000, "total_time_iteraion": 1000000, "cols": ["t", "N", "M"]}
1.000000000000000000e+05 9.691240000000000521e+00 5.560598599999999614e-01
1.500000000000000000e+05 1.033366000000000007e+01 5.465545099999999934e-01
2.000000000000000000e+05 1.081471999999999944e+01 5.399552199999999580e-01
2.500000000000000000e+05 1.120096000000000025e+01 5.349065200000000520e-01
3.000000000000000000e+05 1.153120000000000012e+01 5.307423999999999475e-01
3.500000000000000000e+05 1.181356000000000073e+01 5.271861399999999698e-01
4.000000000000000000e+05 1.206569999999999965e+01 5.241910300000000023e-01
4.500000000000000000e+05 1.229069999999999929e+01 5.216057200000000504e-01
5.000000000000000000e+05 1.249924000000000035e+01 5.193155600000000094e-01
5.500000000000000000e+05 1.269270000000000032e+01 5.172406699999999580e-01
6.000000000000000000e+05 1.286863999999999919e+01 5.153688499999999895e-01
6.500000000000000000e+05 1.303368000000000038e+01 5.135845399999999783e-01
7.000000000000000000e+05 1.318951999999999991e+01 5.119705900000000032e-01
7.500000000000000000e+05 1.333350000000000080e+01 5.104772300000000040e-01
8.000000000000000000e+05 1.347006000000000014e+01 5.090787399999999741e-01
8.500000000000000000e+05 1.359549999999999947e+01 5.077283200000000107e-01
9.000000000000000000e+05 1.371641999999999939e+01 5.065149399999999691e-01
9.500000000000000000e+05 1.383046000000000042e+01 5.053712599999999888e-01
1.000000000000000000e+06 1.394208000000000069e+01 5.043060099999999712e-01
