# {"alpha": 3, "probability": 0.25, "ensemble_size": 50000, "total_time_iteraion": 1000000, "cols": ["t", "N", "M"]}
1.000000000000000000e+05 2.354340000000000099e+00 1.393704199999999949e-01
1.500000000000000000e+05 2.412520000000000220e+00 1.316201700000000085e-01
2.000000000000000000e+05 2.453460000000000196e+00 1.263601199999999924e-01
2.500000000000000000e+05 2.485479999999999912e+00 1.224080899999999972e-01
3.000000000000000000e+05 2.512039999999999829e+00 1.191779899999999975e-01
3.500000000000000000e+05 2.536099999999999799e+00 1.165506300000000023e-01
4.000000000000000000e+05 2.555660000000000043e+00 1.144704700000000047e-01
4.500000000000000000e+05 2.573379999999999779e+00 1.126005800000000057e-01
5.000000000000000000e+05 2.590240000000000098e+00 1.109115799999999957e-01
5.500000000000000000e+05 2.605199999999999960e+00 1.094543399999999972e-01
6.000000000000000000e+05 2.618259999999999810e+00 1.081254100000000051e-01
6.500000000000000000e+05 2.630160000000000053e+00 1.069359899999999947e-01
7.000000000000000000e+05 2.641519999999999868e+00 1.058352099999999990e-01
7.500000000000000000e+05 2.652280000000000193e+00 1.048437599999999942e-01
8.000000000000000000e+05 2.662199999999999900e+00 1.039172200000000046e-01
8.500000000000000000e+05 2.671660000000000146e+00 1.030618299999999932e-01
9.000000000000000000e+05 2.681200000000000028e+00 1.022741499999999942e-01
9.500000000000000000e+05 2.689400000000000013e+00 1.014938199999999985e-01
1.000000000000000000e+06 2.697179999999999911e+00 1.007654699999999959e-01
