# {"alpha": 3, "probability": 0.5, "ensemble_size": 50000, "total_time_iteraion": 1000000, "cols": ["t", "N", "M"]}
1.000000000000000000e+05 4.944440000000000168e+00 2.879530200000000040e-01
1.500000000000000000e+05 5.175819999999999865e+00 2.778218399999999866e-01
2.000000000000000000e+05 5.344820000000000348e+00 2.709357700000000202e-01
2.500000000000000000e+05 5.475799999999999557e+00 2.656094800000000089e-01
3.000000000000000000e+05 5.589940000000000353e+00 2.613125199999999926e-01
3.500000000000000000e+05 5.687000000000000277e+00 2.577229899999999851e-01
4.000000000000000000e+05 5.773240000000000371e+00 2.547287200000000196e-01
4.500000000000000000e+05 5.850240000000000329e+00 2.520882899999999927e-01
5.000000000000000000e+05 5.919319999999999915e+00 2.497544899999999957e-01
5.500000000000000000e+05 5.983120000000000438e+00 2.477372499999999922e-01
6.000000000000000000e+05 6.042580000000000062e+00 2.458489399999999880e-01
6.500000000000000000e+05 6.096919999999999895e+00 2.441571700000000067e-01
7.000000000000000000e+05 6.146040000000000170e+00 2.425583400000000112e-01
7.500000000000000000e+05 6.191099999999999604e+00 2.410213900000000020e-01
8.000000000000000000e+05 6.236880000000000202e+00 2.396415299999999915e-01
8.500000000000000000e+05 6.279499999999999638e+00 2.383584800000000115e-01
9.000000000000000000e+05 6.318640000000000256e+00 2.371352899999999986e-01
9.500000000000000000e+05 6.357800000000000118e+00 2.359802300000000130e-01
1.000000000000000000e+06 6.393939999999999735e+00 2.348495600000000127e-01
