# {"time_iteration": 1000000, "date_time": "20200919_163137", "ensemble_size": 10000, "alpha": 3, "probability": 0.25, "desc": {"columns": ["number of particles", "sum of surviving particle sizes"], "type": "ensemble average"}}
2.381400000000000183e+00 1.387895103732228463e-01
2.403700000000000170e+00 1.358557327788521840e-01
2.423299999999999788e+00 1.334896618948685498e-01
2.440900000000000070e+00 1.312865098932017027e-01
2.457399999999999807e+00 1.292806673216410351e-01
2.471000000000000085e+00 1.275487941435295425e-01
2.482400000000000162e+00 1.259290618266413198e-01
2.495299999999999851e+00 1.246054843916657995e-01
2.507099999999999884e+00 1.233638276959973662e-01
2.516900000000000137e+00 1.221596099805760532e-01
2.525700000000000056e+00 1.210361522450622285e-01
2.535800000000000054e+00 1.200416896608009626e-01
2.543800000000000061e+00 1.190295940410028563e-01
2.551400000000000112e+00 1.180193903067216499e-01
2.559600000000000097e+00 1.171870043236707681e-01
2.566399999999999793e+00 1.163433133217728899e-01
2.574800000000000200e+00 1.156394921084007987e-01
2.581399999999999917e+00 1.149900397798156310e-01
2.588000000000000078e+00 1.142887424626304466e-01
2.595000000000000195e+00 1.136304205410973017e-01
2.600699999999999790e+00 1.129649660738120537e-01
2.605100000000000193e+00 1.123811110799152468e-01
2.610799999999999788e+00 1.118365807002559414e-01
2.616999999999999993e+00 1.112923247875187566e-01
2.622199999999999864e+00 1.108093285508934683e-01
2.628400000000000070e+00 1.102708451325220690e-01
2.632600000000000051e+00 1.097471789449876722e-01
2.635699999999999932e+00 1.092312542694834770e-01
2.640600000000000058e+00 1.087740333392513553e-01
2.645599999999999952e+00 1.083286578294471447e-01
2.649500000000000188e+00 1.078908989533325924e-01
2.654100000000000126e+00 1.074641323487573186e-01
2.659199999999999786e+00 1.070566264792726513e-01
2.663300000000000001e+00 1.066661771838795375e-01
2.668099999999999916e+00 1.062621271453454280e-01
2.672400000000000109e+00 1.059644831823686184e-01
2.676499999999999879e+00 1.056169689493928893e-01
2.679699999999999971e+00 1.051728242290701082e-01
2.682999999999999829e+00 1.048730189507475347e-01
2.686300000000000132e+00 1.045882924794807184e-01
2.689999999999999947e+00 1.043366051839923758e-01
2.692899999999999849e+00 1.040116520594421001e-01
2.695199999999999818e+00 1.036478567228893977e-01
2.697700000000000209e+00 1.033745864988276086e-01
2.701200000000000045e+00 1.030918296210481672e-01
2.704499999999999904e+00 1.028151500554981140e-01
2.707300000000000040e+00 1.025430509101609433e-01
2.710199999999999942e+00 1.022649683454776859e-01
2.713499999999999801e+00 1.020236453429333029e-01
2.716600000000000126e+00 1.018121930496722477e-01
