# {"time_iteration": 1000000, "date_time": "20200920_082528", "ensemble_size": 10000, "alpha": 3, "probability": 0.25, "desc": {"columns": ["number of particles", "sum of surviving particle sizes"], "type": "ensemble average"}}
2.388100000000000112e+00 1.397654209507984413e-01
2.411799999999999944e+00 1.367650841036211762e-01
2.430600000000000094e+00 1.341217046795022128e-01
2.448399999999999910e+00 1.319438307692306911e-01
2.463900000000000201e+00 1.301409903154406855e-01
2.476300000000000168e+00 1.284204918723738931e-01
2.490499999999999936e+00 1.268520778378456892e-01
2.501399999999999846e+00 1.254322659130802375e-01
2.511299999999999866e+00 1.240714859024427130e-01
2.521599999999999842e+00 1.227302224498710986e-01
2.531800000000000050e+00 1.216303552632680973e-01
2.540200000000000014e+00 1.204862042575647885e-01
2.549900000000000055e+00 1.194726846785239271e-01
2.558199999999999807e+00 1.185653129155795765e-01
2.566600000000000215e+00 1.176655102715737089e-01
2.572900000000000187e+00 1.168992656991879875e-01
2.579000000000000181e+00 1.161018093759834252e-01
2.585599999999999898e+00 1.154427647253669920e-01
2.592600000000000016e+00 1.147577429108531527e-01
2.598599999999999799e+00 1.139920373998019876e-01
2.603899999999999881e+00 1.133402503145502088e-01
2.609399999999999942e+00 1.126735820304244906e-01
2.615000000000000213e+00 1.119840570328304030e-01
2.619800000000000129e+00 1.114109291818863312e-01
2.625100000000000211e+00 1.108611987556060302e-01
2.629500000000000171e+00 1.103785595967454319e-01
2.634100000000000108e+00 1.099101245016136791e-01
2.639299999999999979e+00 1.094746906161172262e-01
2.644600000000000062e+00 1.090039739295465271e-01
2.649199999999999999e+00 1.086322743088675713e-01
2.653900000000000148e+00 1.082266325729376172e-01
2.658799999999999830e+00 1.077522827431260793e-01
2.663699999999999957e+00 1.073456709429593953e-01
2.666999999999999815e+00 1.070650290974269475e-01
2.670599999999999863e+00 1.066839137412341210e-01
2.674700000000000077e+00 1.063487427619891623e-01
2.678300000000000125e+00 1.059403527115595350e-01
2.681299999999999795e+00 1.055831670294082592e-01
2.685299999999999798e+00 1.051864233970527529e-01
2.688800000000000079e+00 1.048975194674236777e-01
2.692699999999999871e+00 1.045644265909182885e-01
2.696400000000000130e+00 1.042068805215729255e-01
2.699500000000000011e+00 1.038910469475609749e-01
2.703199999999999825e+00 1.035352104592279637e-01
2.705600000000000005e+00 1.032074136905514194e-01
2.709000000000000075e+00 1.029660222176522200e-01
2.712299999999999933e+00 1.027386532878645370e-01
2.714599999999999902e+00 1.024941902330797350e-01
2.717400000000000038e+00 1.022634585622334003e-01
2.721200000000000063e+00 1.020207247453562283e-01
