# {"time_iteration": 1000000, "date_time": "20200920_143257", "ensemble_size": 10000, "alpha": 3, "probability": 0.25, "desc": {"columns": ["number of particles", "sum of surviving particle sizes"], "type": "ensemble average"}}
2.355999999999999872e+00 1.375896447371031950e-01
2.378000000000000114e+00 1.345380061091386026e-01
2.399500000000000188e+00 1.320706251597877356e-01
2.416500000000000092e+00 1.298791144193832126e-01
2.430800000000000072e+00 1.280998857734891583e-01
2.445699999999999985e+00 1.264413507662213720e-01
2.458299999999999930e+00 1.247659056996271582e-01
2.469500000000000028e+00 1.231849220145667667e-01
2.479600000000000026e+00 1.218476751793946267e-01
2.489199999999999857e+00 1.205794216190550078e-01
2.499499999999999833e+00 1.194952350268077973e-01
2.509599999999999831e+00 1.185030096450881282e-01
2.517900000000000027e+00 1.175555627968146166e-01
2.525999999999999801e+00 1.167204449211337036e-01
2.533599999999999852e+00 1.158545587469599902e-01
2.540399999999999991e+00 1.150512846449672916e-01
2.546400000000000219e+00 1.143067863886504942e-01
2.553199999999999914e+00 1.135065454094267151e-01
2.558399999999999785e+00 1.127690698540136510e-01
2.564299999999999802e+00 1.121625244480316946e-01
2.571400000000000130e+00 1.114831386783627226e-01
2.576700000000000212e+00 1.108937147021895331e-01
2.582199999999999829e+00 1.103198659402520876e-01
2.589399999999999924e+00 1.097975611090860198e-01
2.594500000000000028e+00 1.092892011084557191e-01
2.599600000000000133e+00 1.087820184347723790e-01
2.603499999999999925e+00 1.083466579243140410e-01
2.608000000000000096e+00 1.078982070214545980e-01
2.611899999999999888e+00 1.074525288132715528e-01
2.615000000000000213e+00 1.069444709966529683e-01
2.619000000000000217e+00 1.065287719969882779e-01
2.624099999999999877e+00 1.061351389101471282e-01
2.628899999999999793e+00 1.057846142809795026e-01
2.632699999999999818e+00 1.053846666475984628e-01
2.636899999999999800e+00 1.050389080873894987e-01
2.640200000000000102e+00 1.046721293294199939e-01
2.645300000000000207e+00 1.042988291674666473e-01
2.649599999999999955e+00 1.040256150393917972e-01
2.652200000000000113e+00 1.036655699377445200e-01
2.655600000000000183e+00 1.033583209914918644e-01
2.658700000000000063e+00 1.030617637626093513e-01
2.661900000000000155e+00 1.027370250129803486e-01
2.665399999999999991e+00 1.024617426609532728e-01
2.668400000000000105e+00 1.021103445248450203e-01
2.671499999999999986e+00 1.018161351178916846e-01
2.674799999999999844e+00 1.015432813814198809e-01
2.677900000000000169e+00 1.012847752517053168e-01
2.679800000000000182e+00 1.009893924312655900e-01
2.682300000000000129e+00 1.007148108249899532e-01
2.685099999999999820e+00 1.004552225543200034e-01
