# {"time_iteration": 1000000, "date_time": "20200920_044855", "ensemble_size": 10000, "alpha": 3, "probability": 0.25, "desc": {"columns": ["number of particles", "sum of surviving particle sizes"], "type": "ensemble average"}}
2.362200000000000077e+00 1.377419141151934034e-01
2.388300000000000090e+00 1.348484250727989275e-01
2.407099999999999795e+00 1.324006734886750691e-01
2.424999999999999822e+00 1.301231758257559157e-01
2.439700000000000202e+00 1.282491953577032939e-01
2.450499999999999901e+00 1.265557999112258414e-01
2.461800000000000210e+00 1.249621407222885616e-01
2.472700000000000120e+00 1.235747327454425615e-01
2.482899999999999885e+00 1.223380750956673674e-01
2.492500000000000160e+00 1.212429818895624928e-01
2.500500000000000167e+00 1.201032498219786054e-01
2.510499999999999954e+00 1.190163008669238992e-01
2.518400000000000194e+00 1.180870172804053958e-01
2.527099999999999902e+00 1.171447969736401779e-01
2.534199999999999786e+00 1.162869874454059982e-01
2.542300000000000004e+00 1.155061289208558772e-01
2.549300000000000122e+00 1.147748280110772595e-01
2.556599999999999984e+00 1.140897161240518043e-01
2.564099999999999824e+00 1.134320882680007331e-01
2.569999999999999840e+00 1.128129053866004372e-01
2.576200000000000045e+00 1.122640704022114244e-01
2.582199999999999829e+00 1.117696025960044220e-01
2.588000000000000078e+00 1.112183357929340949e-01
2.594199999999999839e+00 1.106336901323357602e-01
2.600099999999999856e+00 1.101067422394113871e-01
2.604999999999999982e+00 1.095956780811247894e-01
2.611400000000000166e+00 1.091114433639018416e-01
2.616999999999999993e+00 1.087118716126026369e-01
2.620999999999999996e+00 1.082920121213789139e-01
2.623499999999999943e+00 1.078447244722398612e-01
2.627899999999999903e+00 1.074074828186990377e-01
2.632000000000000117e+00 1.069678012856773164e-01
2.635899999999999910e+00 1.065454039209085269e-01
2.641000000000000014e+00 1.061553458249132054e-01
2.644400000000000084e+00 1.057684649188587594e-01
2.648600000000000065e+00 1.054193555719540459e-01
2.652299999999999880e+00 1.050628839005182669e-01
2.656200000000000117e+00 1.046847151997379183e-01
2.659800000000000164e+00 1.042896843361423437e-01
2.663100000000000023e+00 1.040073097836932969e-01
2.667300000000000004e+00 1.037180489265623062e-01
2.669900000000000162e+00 1.034543369584968592e-01
2.673399999999999999e+00 1.031135371032867176e-01
2.676899999999999835e+00 1.027817677164861859e-01
2.679699999999999971e+00 1.024678931799882509e-01
2.682599999999999874e+00 1.021466933669669258e-01
2.685400000000000009e+00 1.018958935668745625e-01
2.689299999999999802e+00 1.016002819959986869e-01
2.691399999999999793e+00 1.013440010036772143e-01
2.694799999999999862e+00 1.010389266419148280e-01
