# {"time_iteration": 1000000, "date_time": "20200919_201832", "ensemble_size": 10000, "alpha": 3, "probability": 0.25, "desc": {"columns": ["number of particles", "sum of surviving particle sizes"], "type": "ensemble average"}}
2.364799999999999791e+00 1.379093778534164483e-01
2.383100000000000218e+00 1.347844301104394460e-01
2.401699999999999946e+00 1.323180602795126504e-01
2.418800000000000061e+00 1.304272464712639967e-01
2.434400000000000119e+00 1.284436013138786081e-01
2.448599999999999888e+00 1.267303001954214192e-01
2.461599999999999788e+00 1.251513664108481472e-01
2.473100000000000076e+00 1.238223762411334722e-01
2.484399999999999942e+00 1.224269669641225161e-01
2.493700000000000028e+00 1.212744903836534410e-01
2.502600000000000158e+00 1.201451785619303131e-01
2.512199999999999989e+00 1.190380491374915251e-01
2.520900000000000141e+00 1.181137043766134903e-01
2.529900000000000038e+00 1.173280874080865066e-01
2.538199999999999790e+00 1.163893834204386690e-01
2.545100000000000140e+00 1.155607931137026811e-01
2.552599999999999980e+00 1.148841753529517007e-01
2.559899999999999842e+00 1.142134540119655456e-01
2.567099999999999937e+00 1.135040254760989464e-01
2.574399999999999800e+00 1.128464997243627255e-01
2.580400000000000027e+00 1.123563759548514146e-01
2.586399999999999810e+00 1.116345826402658781e-01
2.591899999999999871e+00 1.110440429936576101e-01
2.597100000000000186e+00 1.104711100071829322e-01
2.601100000000000190e+00 1.099136753071785766e-01
2.605399999999999938e+00 1.093983337678704898e-01
2.610500000000000043e+00 1.089963165285036950e-01
2.614900000000000002e+00 1.086176556437602331e-01
2.620000000000000107e+00 1.081660431310510206e-01
2.624499999999999833e+00 1.076370038685828812e-01
2.630100000000000104e+00 1.071586514314071814e-01
2.634900000000000020e+00 1.067489078301410016e-01
2.638999999999999790e+00 1.063526861312067279e-01
2.643800000000000150e+00 1.059665952317097731e-01
2.648800000000000043e+00 1.056136643805209857e-01
2.652899999999999814e+00 1.052030694955604084e-01
2.656400000000000095e+00 1.047725043490367602e-01
2.660099999999999909e+00 1.044510826608230913e-01
2.662900000000000045e+00 1.040887285183342836e-01
2.666799999999999837e+00 1.037559009884484601e-01
2.671600000000000197e+00 1.034535501672055463e-01
2.674599999999999866e+00 1.031089806749001803e-01
2.678399999999999892e+00 1.027564888118207148e-01
2.682300000000000129e+00 1.024470536944838139e-01
2.684800000000000075e+00 1.021484572882690317e-01
2.688200000000000145e+00 1.018505341119839563e-01
2.691600000000000215e+00 1.015677525515792656e-01
2.695100000000000051e+00 1.012800090561251365e-01
2.698199999999999932e+00 1.010145560716947249e-01
2.701799999999999979e+00 1.007607437788021476e-01
